Strain	Bead	Volu	Site	Dilu	Cove	Day	Trial	Cells
CR2	C	5	21	2	1,29	0	1	185
CR2	C	5	21	2	1,29	0	2	185
CR2	C	5	21	2	1,29	0	3	185
CR2	L	5	21	2	1,29	0	1	185
CR2	L	5	21	2	1,29	0	2	185
CR2	L	5	21	2	1,29	0	3	185
CR2	M	5	21	2	1,29	0	1	185
CR2	M	5	21	2	1,29	0	2	185
CR2	M	5	21	2	1,29	0	3	185
CR2	H	5	21	2	1,29	0	1	185
CR2	H	5	21	2	1,29	0	2	185
CR2	H	5	21	2	1,29	0	3	185
CR4	C	5	21	2	1,29	0	1	185
CR4	C	5	21	2	1,29	0	2	185
CR4	C	5	21	2	1,29	0	3	185
CR4	L	5	21	2	1,29	0	1	185
CR4	L	5	21	2	1,29	0	2	185
CR4	L	5	21	2	1,29	0	3	185
CR4	M	5	21	2	1,29	0	1	185
CR4	M	5	21	2	1,29	0	2	185
CR4	M	5	21	2	1,29	0	3	185
CR4	H	5	21	2	1,29	0	1	185
CR4	H	5	21	2	1,29	0	2	185
CR4	H	5	21	2	1,29	0	3	185
CR2-CR4	C	5	21	2	1,29	0	1	185
CR2-CR4	C	5	21	2	1,29	0	2	185
CR2-CR4	C	5	21	2	1,29	0	3	185
CR2-CR4	L	5	21	2	1,29	0	1	185
CR2-CR4	L	5	21	2	1,29	0	2	185
CR2-CR4	L	5	21	2	1,29	0	3	185
CR2-CR4	M	5	21	2	1,29	0	1	185
CR2-CR4	M	5	21	2	1,29	0	2	185
CR2-CR4	M	5	21	2	1,29	0	3	185
CR2-CR4	H	5	21	2	1,29	0	1	185
CR2-CR4	H	5	21	2	1,29	0	2	185
CR2-CR4	H	5	21	2	1,29	0	3	185
CR7-CR4	C	5	21	2	1,29	0	1	185
CR7-CR4	C	5	21	2	1,29	0	2	185
CR7-CR4	C	5	21	2	1,29	0	3	185
CR7-CR4	L	5	21	2	1,29	0	1	185
CR7-CR4	L	5	21	2	1,29	0	2	185
CR7-CR4	L	5	21	2	1,29	0	3	185
CR7-CR4	M	5	21	2	1,29	0	1	185
CR7-CR4	M	5	21	2	1,29	0	2	185
CR7-CR4	M	5	21	2	1,29	0	3	185
CR7-CR4	H	5	21	2	1,29	0	1	185
CR7-CR4	H	5	21	2	1,29	0	2	185
CR7-CR4	H	5	21	2	1,29	0	3	185
CR2	C	5	21	2	1,29	1	1	291
CR2	C	5	21	2	1,29	1	2	334
CR2	C	5	21	2	1,29	1	3	291
CR2	L	5	21	2	1,29	1	1	850
CR2	L	5	21	2	1,29	1	2	821
CR2	L	5	21	2	1,29	1	3	751
CR2	M	5	21	2	1,29	1	1	392
CR2	M	5	21	2	1,29	1	2	384
CR2	M	5	21	2	1,29	1	3	404
CR2	H	5	21	2	1,29	1	1	846
CR2	H	5	21	2	1,29	1	2	842
CR2	H	5	21	2	1,29	1	3	830
CR4	C	5	21	2	1,29	1	1	1305
CR4	C	5	21	2	1,29	1	2	1338
CR4	C	5	21	2	1,29	1	3	1371
CR4	L	5	21	2	1,29	1	1	1301
CR4	L	5	21	2	1,29	1	2	1341
CR4	L	5	21	2	1,29	1	3	1370
CR4	M	5	21	2	1,29	1	1	1381
CR4	M	5	21	2	1,29	1	2	1422
CR4	M	5	21	2	1,29	1	3	1446
CR4	H	5	21	2	1,29	1	1	1475
CR4	H	5	21	2	1,29	1	2	1373
CR4	H	5	21	2	1,29	1	3	1359
CR2-CR4	C	5	21	2	1,29	1	1	411
CR2-CR4	C	5	21	2	1,29	1	2	363
CR2-CR4	C	5	21	2	1,29	1	3	347
CR2-CR4	L	5	21	2	1,29	1	1	853
CR2-CR4	L	5	21	2	1,29	1	2	798
CR2-CR4	L	5	21	2	1,29	1	3	848
CR2-CR4	M	5	21	2	1,29	1	1	250
CR2-CR4	M	5	21	2	1,29	1	2	214
CR2-CR4	M	5	21	2	1,29	1	3	205
CR2-CR4	H	5	21	2	1,29	1	1	774
CR2-CR4	H	5	21	2	1,29	1	2	740
CR2-CR4	H	5	21	2	1,29	1	3	772
CR7-CR4	C	5	21	2	1,29	1	1	1389
CR7-CR4	C	5	21	2	1,29	1	2	1435
CR7-CR4	C	5	21	2	1,29	1	3	1397
CR7-CR4	L	5	21	2	1,29	1	1	1164
CR7-CR4	L	5	21	2	1,29	1	2	1248
CR7-CR4	L	5	21	2	1,29	1	3	1360
CR7-CR4	M	5	21	2	1,29	1	1	1219
CR7-CR4	M	5	21	2	1,29	1	2	1291
CR7-CR4	M	5	21	2	1,29	1	3	1279
CR7-CR4	H	5	21	2	1,29	1	1	1104
CR7-CR4	H	5	21	2	1,29	1	2	1118
CR7-CR4	H	5	21	2	1,29	1	3	1054
CR2	C	5	21	2	1,29	2	1	465
CR2	C	5	21	2	1,29	2	2	619
CR2	C	5	21	2	1,29	2	3	531
CR2	L	5	21	2	1,29	2	1	381
CR2	L	5	21	2	1,29	2	2	253
CR2	L	5	21	2	1,29	2	3	273
CR2	M	5	21	2	1,29	2	1	499
CR2	M	5	21	2	1,29	2	2	399
CR2	M	5	21	2	1,29	2	3	507
CR2	H	5	21	2	1,29	2	1	319
CR2	H	5	21	2	1,29	2	2	272
CR2	H	5	21	2	1,29	2	3	240
CR4	C	5	21	2	1,29	2	1	1557
CR4	C	5	21	2	1,29	2	2	1500
CR4	C	5	21	2	1,29	2	3	1582
CR4	L	5	21	2	1,29	2	1	1512
CR4	L	5	21	2	1,29	2	2	1520
CR4	L	5	21	2	1,29	2	3	1533
CR4	M	5	21	2	1,29	2	1	1675
CR4	M	5	21	2	1,29	2	2	1732
CR4	M	5	21	2	1,29	2	3	1796
CR4	H	5	21	2	1,29	2	1	1413
CR4	H	5	21	2	1,29	2	2	1535
CR4	H	5	21	2	1,29	2	3	1496
CR2-CR4	C	5	21	2	1,29	2	1	1288
CR2-CR4	C	5	21	2	1,29	2	2	1101
CR2-CR4	C	5	21	2	1,29	2	3	992
CR2-CR4	L	5	21	2	1,29	2	1	839
CR2-CR4	L	5	21	2	1,29	2	2	694
CR2-CR4	L	5	21	2	1,29	2	3	751
CR2-CR4	M	5	21	2	1,29	2	1	1052
CR2-CR4	M	5	21	2	1,29	2	2	958
CR2-CR4	M	5	21	2	1,29	2	3	1169
CR2-CR4	H	5	21	2	1,29	2	1	845
CR2-CR4	H	5	21	2	1,29	2	2	838
CR2-CR4	H	5	21	2	1,29	2	3	949
CR7-CR4	C	5	21	2	1,29	2	1	2027
CR7-CR4	C	5	21	2	1,29	2	2	1477
CR7-CR4	C	5	21	2	1,29	2	3	1517
CR7-CR4	L	5	21	2	1,29	2	1	1240
CR7-CR4	L	5	21	2	1,29	2	2	1195
CR7-CR4	L	5	21	2	1,29	2	3	1569
CR7-CR4	M	5	21	2	1,29	2	1	1651
CR7-CR4	M	5	21	2	1,29	2	2	1683
CR7-CR4	M	5	21	2	1,29	2	3	1785
CR7-CR4	H	5	21	2	1,29	2	1	1335
CR7-CR4	H	5	21	2	1,29	2	2	1508
CR7-CR4	H	5	21	2	1,29	2	3	1554
CR2	C	5	21	2	1,29	3	1	530
CR2	C	5	21	2	1,29	3	2	649
CR2	C	5	21	2	1,29	3	3	659
CR2	L	5	21	2	1,29	3	1	318
CR2	L	5	21	2	1,29	3	2	229
CR2	L	5	21	2	1,29	3	3	287
CR2	M	5	21	2	1,29	3	1	309
CR2	M	5	21	2	1,29	3	2	187
CR2	M	5	21	2	1,29	3	3	330
CR2	H	5	21	2	1,29	3	1	298
CR2	H	5	21	2	1,29	3	2	272
CR2	H	5	21	2	1,29	3	3	193
CR4	C	5	21	2	1,29	3	1	2019
CR4	C	5	21	2	1,29	3	2	2002
CR4	C	5	21	2	1,29	3	3	2098
CR4	L	5	21	2	1,29	3	1	1620
CR4	L	5	21	2	1,29	3	2	1831
CR4	L	5	21	2	1,29	3	3	1766
CR4	M	5	21	2	1,29	3	1	1857
CR4	M	5	21	2	1,29	3	2	1696
CR4	M	5	21	2	1,29	3	3	1572
CR4	H	5	21	2	1,29	3	1	1628
CR4	H	5	21	2	1,29	3	2	1761
CR4	H	5	21	2	1,29	3	3	1669
CR2-CR4	C	5	21	2	1,29	3	1	1307
CR2-CR4	C	5	21	2	1,29	3	2	1293
CR2-CR4	C	5	21	2	1,29	3	3	1206
CR2-CR4	L	5	21	2	1,29	3	1	1030
CR2-CR4	L	5	21	2	1,29	3	2	936
CR2-CR4	L	5	21	2	1,29	3	3	981
CR2-CR4	M	5	21	2	1,29	3	1	1030
CR2-CR4	M	5	21	2	1,29	3	2	760
CR2-CR4	M	5	21	2	1,29	3	3	1156
CR2-CR4	H	5	21	2	1,29	3	1	917
CR2-CR4	H	5	21	2	1,29	3	2	861
CR2-CR4	H	5	21	2	1,29	3	3	1006
CR7-CR4	C	5	21	2	1,29	3	1	2514
CR7-CR4	C	5	21	2	1,29	3	2	2391
CR7-CR4	C	5	21	2	1,29	3	3	2562
CR7-CR4	L	5	21	2	1,29	3	1	1614
CR7-CR4	L	5	21	2	1,29	3	2	1802
CR7-CR4	L	5	21	2	1,29	3	3	2295
CR7-CR4	M	5	21	2	1,29	3	1	1673
CR7-CR4	M	5	21	2	1,29	3	2	1999
CR7-CR4	M	5	21	2	1,29	3	3	2238
CR7-CR4	H	5	21	2	1,29	3	1	1565
CR7-CR4	H	5	21	2	1,29	3	2	1776
CR7-CR4	H	5	21	2	1,29	3	3	1934
CR2	C	5	21	2	1,29	4	1	702
CR2	C	5	21	2	1,29	4	2	745
CR2	C	5	21	2	1,29	4	3	707
CR2	L	5	21	2	1,29	4	1	561
CR2	L	5	21	2	1,29	4	2	324
CR2	L	5	21	2	1,29	4	3	355
CR2	M	5	21	2	1,29	4	1	683
CR2	M	5	21	2	1,29	4	2	304
CR2	M	5	21	2	1,29	4	3	703
CR2	H	5	21	2	1,29	4	1	357
CR2	H	5	21	2	1,29	4	2	381
CR2	H	5	21	2	1,29	4	3	418
CR4	C	5	21	2	1,29	4	1	2495
CR4	C	5	21	2	1,29	4	2	2221
CR4	C	5	21	2	1,29	4	3	2401
CR4	L	5	21	2	1,29	4	1	2247
CR4	L	5	21	2	1,29	4	2	2267
CR4	L	5	21	2	1,29	4	3	1985
CR4	M	5	21	2	1,29	4	1	2303
CR4	M	5	21	2	1,29	4	2	2000
CR4	M	5	21	2	1,29	4	3	2000
CR4	H	5	21	2	1,29	4	1	1929
CR4	H	5	21	2	1,29	4	2	2044
CR4	H	5	21	2	1,29	4	3	1988
CR2-CR4	C	5	21	2	1,29	4	1	1245
CR2-CR4	C	5	21	2	1,29	4	2	1292
CR2-CR4	C	5	21	2	1,29	4	3	1285
CR2-CR4	L	5	21	2	1,29	4	1	1047
CR2-CR4	L	5	21	2	1,29	4	2	964
CR2-CR4	L	5	21	2	1,29	4	3	976
CR2-CR4	M	5	21	2	1,29	4	1	1103
CR2-CR4	M	5	21	2	1,29	4	2	1064
CR2-CR4	M	5	21	2	1,29	4	3	1032
CR2-CR4	H	5	21	2	1,29	4	1	1490
CR2-CR4	H	5	21	2	1,29	4	2	1419
CR2-CR4	H	5	21	2	1,29	4	3	1570
CR7-CR4	C	5	21	2	1,29	4	1	2406
CR7-CR4	C	5	21	2	1,29	4	2	2547
CR7-CR4	C	5	21	2	1,29	4	3	2686
CR7-CR4	L	5	21	2	1,29	4	1	1646
CR7-CR4	L	5	21	2	1,29	4	2	1791
CR7-CR4	L	5	21	2	1,29	4	3	1879
CR7-CR4	M	5	21	2	1,29	4	1	1785
CR7-CR4	M	5	21	2	1,29	4	2	2137
CR7-CR4	M	5	21	2	1,29	4	3	2228
CR7-CR4	H	5	21	2	1,29	4	1	1726
CR7-CR4	H	5	21	2	1,29	4	2	1655
CR7-CR4	H	5	21	2	1,29	4	3	1554
CR2	C	5	21	2	1,29	5	1	896
CR2	C	5	21	2	1,29	5	2	770
CR2	C	5	21	2	1,29	5	3	918
CR2	L	5	21	2	1,29	5	1	584
CR2	L	5	21	2	1,29	5	2	629
CR2	L	5	21	2	1,29	5	3	730
CR2	M	5	21	2	1,29	5	1	748
CR2	M	5	21	2	1,29	5	2	428
CR2	M	5	21	2	1,29	5	3	677
CR2	H	5	21	2	1,29	5	1	606
CR2	H	5	21	2	1,29	5	2	628
CR2	H	5	21	2	1,29	5	3	517
CR4	C	5	21	2	1,29	5	1	2583
CR4	C	5	21	2	1,29	5	2	2436
CR4	C	5	21	2	1,29	5	3	2539
CR4	L	5	21	2	1,29	5	1	2391
CR4	L	5	21	2	1,29	5	2	2396
CR4	L	5	21	2	1,29	5	3	2186
CR4	M	5	21	2	1,29	5	1	2709
CR4	M	5	21	2	1,29	5	2	2596
CR4	M	5	21	2	1,29	5	3	2721
CR4	H	5	21	2	1,29	5	1	2470
CR4	H	5	21	2	1,29	5	2	2546
CR4	H	5	21	2	1,29	5	3	2667
CR2-CR4	C	5	21	2	1,29	5	1	1151
CR2-CR4	C	5	21	2	1,29	5	2	1192
CR2-CR4	C	5	21	2	1,29	5	3	1276
CR2-CR4	L	5	21	2	1,29	5	1	1053
CR2-CR4	L	5	21	2	1,29	5	2	1000
CR2-CR4	L	5	21	2	1,29	5	3	887
CR2-CR4	M	5	21	2	1,29	5	1	1470
CR2-CR4	M	5	21	2	1,29	5	2	1195
CR2-CR4	M	5	21	2	1,29	5	3	1245
CR2-CR4	H	5	21	2	1,29	5	1	1728
CR2-CR4	H	5	21	2	1,29	5	2	1805
CR2-CR4	H	5	21	2	1,29	5	3	1739
CR7-CR4	C	5	21	2	1,29	5	1	2405
CR7-CR4	C	5	21	2	1,29	5	2	2756
CR7-CR4	C	5	21	2	1,29	5	3	3135
CR7-CR4	L	5	21	2	1,29	5	1	1799
CR7-CR4	L	5	21	2	1,29	5	2	1995
CR7-CR4	L	5	21	2	1,29	5	3	1730
CR7-CR4	M	5	21	2	1,29	5	1	2375
CR7-CR4	M	5	21	2	1,29	5	2	2576
CR7-CR4	M	5	21	2	1,29	5	3	2623
CR7-CR4	H	5	21	2	1,29	5	1	1474
CR7-CR4	H	5	21	2	1,29	5	2	1619
CR7-CR4	H	5	21	2	1,29	5	3	1586
CR2	C	5	21	2	1,29	6	1	1174
CR2	C	5	21	2	1,29	6	2	991
CR2	C	5	21	2	1,29	6	3	1096
CR2	L	5	21	2	1,29	6	1	835
CR2	L	5	21	2	1,29	6	2	834
CR2	L	5	21	2	1,29	6	3	888
CR2	M	5	21	2	1,29	6	1	794
CR2	M	5	21	2	1,29	6	2	556
CR2	M	5	21	2	1,29	6	3	822
CR2	H	5	21	2	1,29	6	1	852
CR2	H	5	21	2	1,29	6	2	830
CR2	H	5	21	2	1,29	6	3	894
CR4	C	5	21	2	1,29	6	1	2587
CR4	C	5	21	2	1,29	6	2	2042
CR4	C	5	21	2	1,29	6	3	2496
CR4	L	5	21	2	1,29	6	1	2352
CR4	L	5	21	2	1,29	6	2	2302
CR4	L	5	21	2	1,29	6	3	1974
CR4	M	5	21	2	1,29	6	1	3200
CR4	M	5	21	2	1,29	6	2	3144
CR4	M	5	21	2	1,29	6	3	3133
CR4	H	5	21	2	1,29	6	1	2816
CR4	H	5	21	2	1,29	6	2	2849
CR4	H	5	21	2	1,29	6	3	2828
CR2-CR4	C	5	21	2	1,29	6	1	909
CR2-CR4	C	5	21	2	1,29	6	2	1057
CR2-CR4	C	5	21	2	1,29	6	3	1270
CR2-CR4	L	5	21	2	1,29	6	1	1269
CR2-CR4	L	5	21	2	1,29	6	2	963
CR2-CR4	L	5	21	2	1,29	6	3	907
CR2-CR4	M	5	21	2	1,29	6	1	1935
CR2-CR4	M	5	21	2	1,29	6	2	1778
CR2-CR4	M	5	21	2	1,29	6	3	1966
CR2-CR4	H	5	21	2	1,29	6	1	2180
CR2-CR4	H	5	21	2	1,29	6	2	2407
CR2-CR4	H	5	21	2	1,29	6	3	2127
CR7-CR4	C	5	21	2	1,29	6	1	1696
CR7-CR4	C	5	21	2	1,29	6	2	1874
CR7-CR4	C	5	21	2	1,29	6	3	2180
CR7-CR4	L	5	21	2	1,29	6	1	1681
CR7-CR4	L	5	21	2	1,29	6	2	1521
CR7-CR4	L	5	21	2	1,29	6	3	1525
CR7-CR4	M	5	21	2	1,29	6	1	2701
CR7-CR4	M	5	21	2	1,29	6	2	2614
CR7-CR4	M	5	21	2	1,29	6	3	2799
CR7-CR4	H	5	21	2	1,29	6	1	1873
CR7-CR4	H	5	21	2	1,29	6	2	2026
CR7-CR4	H	5	21	2	1,29	6	3	1937
CR2	C	5	21	2	1,29	7	1	1308
CR2	C	5	21	2	1,29	7	2	1034
CR2	C	5	21	2	1,29	7	3	1419
CR2	L	5	21	2	1,29	7	1	786
CR2	L	5	21	2	1,29	7	2	1211
CR2	L	5	21	2	1,29	7	3	1145
CR2	M	5	21	2	1,29	7	1	1167
CR2	M	5	21	2	1,29	7	2	627
CR2	M	5	21	2	1,29	7	3	1110
CR2	H	5	21	2	1,29	7	1	1054
CR2	H	5	21	2	1,29	7	2	991
CR2	H	5	21	2	1,29	7	3	1035
CR4	C	5	21	2	1,29	7	1	2176
CR4	C	5	21	2	1,29	7	2	1262
CR4	C	5	21	2	1,29	7	3	1938
CR4	L	5	21	2	1,29	7	1	2215
CR4	L	5	21	2	1,29	7	2	1913
CR4	L	5	21	2	1,29	7	3	1342
CR4	M	5	21	2	1,29	7	1	3327
CR4	M	5	21	2	1,29	7	2	2971
CR4	M	5	21	2	1,29	7	3	3356
CR4	H	5	21	2	1,29	7	1	2991
CR4	H	5	21	2	1,29	7	2	2821
CR4	H	5	21	2	1,29	7	3	2976
CR2-CR4	C	5	21	2	1,29	7	1	497
CR2-CR4	C	5	21	2	1,29	7	2	532
CR2-CR4	C	5	21	2	1,29	7	3	628
CR2-CR4	L	5	21	2	1,29	7	1	987
CR2-CR4	L	5	21	2	1,29	7	2	518
CR2-CR4	L	5	21	2	1,29	7	3	579
CR2-CR4	M	5	21	2	1,29	7	1	2001
CR2-CR4	M	5	21	2	1,29	7	2	1659
CR2-CR4	M	5	21	2	1,29	7	3	1962
CR2-CR4	H	5	21	2	1,29	7	1	2050
CR2-CR4	H	5	21	2	1,29	7	2	2214
CR2-CR4	H	5	21	2	1,29	7	3	2146
CR7-CR4	C	5	21	2	1,29	7	1	1079
CR7-CR4	C	5	21	2	1,29	7	2	1306
CR7-CR4	C	5	21	2	1,29	7	3	1915
CR7-CR4	L	5	21	2	1,29	7	1	1547
CR7-CR4	L	5	21	2	1,29	7	2	1520
CR7-CR4	L	5	21	2	1,29	7	3	1440
CR7-CR4	M	5	21	2	1,29	7	1	2702
CR7-CR4	M	5	21	2	1,29	7	2	2523
CR7-CR4	M	5	21	2	1,29	7	3	2782
CR7-CR4	H	5	21	2	1,29	7	1	2032
CR7-CR4	H	5	21	2	1,29	7	2	2185
CR7-CR4	H	5	21	2	1,29	7	3	2159
CR2	C	5	21	2	1,29	8	1	1242
CR2	C	5	21	2	1,29	8	2	839
CR2	C	5	21	2	1,29	8	3	1336
CR2	L	5	21	2	1,29	8	1	830
CR2	L	5	21	2	1,29	8	2	1266
CR2	L	5	21	2	1,29	8	3	1143
CR2	M	5	21	2	1,29	8	1	1459
CR2	M	5	21	2	1,29	8	2	751
CR2	M	5	21	2	1,29	8	3	1357
CR2	H	5	21	2	1,29	8	1	857
CR2	H	5	21	2	1,29	8	2	887
CR2	H	5	21	2	1,29	8	3	1089
CR4	C	5	21	2	1,29	8	1	1045
CR4	C	5	21	2	1,29	8	2	397
CR4	C	5	21	2	1,29	8	3	775
CR4	L	5	21	2	1,29	8	1	1053
CR4	L	5	21	2	1,29	8	2	710
CR4	L	5	21	2	1,29	8	3	511
CR4	M	5	21	2	1,29	8	1	3255
CR4	M	5	21	2	1,29	8	2	3153
CR4	M	5	21	2	1,29	8	3	3470
CR4	H	5	21	2	1,29	8	1	3062
CR4	H	5	21	2	1,29	8	2	3105
CR4	H	5	21	2	1,29	8	3	3200
CR2-CR4	C	5	21	2	1,29	8	1	220
CR2-CR4	C	5	21	2	1,29	8	2	315
CR2-CR4	C	5	21	2	1,29	8	3	231
CR2-CR4	L	5	21	2	1,29	8	1	554
CR2-CR4	L	5	21	2	1,29	8	2	390
CR2-CR4	L	5	21	2	1,29	8	3	361
CR2-CR4	M	5	21	2	1,29	8	1	1860
CR2-CR4	M	5	21	2	1,29	8	2	1403
CR2-CR4	M	5	21	2	1,29	8	3	1473
CR2-CR4	H	5	21	2	1,29	8	1	2336
CR2-CR4	H	5	21	2	1,29	8	2	2424
CR2-CR4	H	5	21	2	1,29	8	3	2442
CR7-CR4	C	5	21	2	1,29	8	1	351
CR7-CR4	C	5	21	2	1,29	8	2	495
CR7-CR4	C	5	21	2	1,29	8	3	910
CR7-CR4	L	5	21	2	1,29	8	1	982
CR7-CR4	L	5	21	2	1,29	8	2	854
CR7-CR4	L	5	21	2	1,29	8	3	951
CR7-CR4	M	5	21	2	1,29	8	1	2485
CR7-CR4	M	5	21	2	1,29	8	2	2306
CR7-CR4	M	5	21	2	1,29	8	3	2764
CR7-CR4	H	5	21	2	1,29	8	1	2257
CR7-CR4	H	5	21	2	1,29	8	2	2471
CR7-CR4	H	5	21	2	1,29	8	3	2473
CR2	C	5	21	2	1,29	9	1	1043
CR2	C	5	21	2	1,29	9	2	684
CR2	C	5	21	2	1,29	9	3	1012
CR2	L	5	21	2	1,29	9	1	534
CR2	L	5	21	2	1,29	9	2	883
CR2	L	5	21	2	1,29	9	3	713
CR2	M	5	21	2	1,29	9	1	1543
CR2	M	5	21	2	1,29	9	2	947
CR2	M	5	21	2	1,29	9	3	1394
CR2	H	5	21	2	1,29	9	1	953
CR2	H	5	21	2	1,29	9	2	1098
CR2	H	5	21	2	1,29	9	3	1124
CR4	C	5	21	2	1,29	9	1	239
CR4	C	5	21	2	1,29	9	2	306
CR4	C	5	21	2	1,29	9	3	248
CR4	L	5	21	2	1,29	9	1	506
CR4	L	5	21	2	1,29	9	2	362
CR4	L	5	21	2	1,29	9	3	295
CR4	M	5	21	2	1,29	9	1	3193
CR4	M	5	21	2	1,29	9	2	2888
CR4	M	5	21	2	1,29	9	3	3658
CR4	H	5	21	2	1,29	9	1	2637
CR4	H	5	21	2	1,29	9	2	2622
CR4	H	5	21	2	1,29	9	3	2758
CR2-CR4	C	5	21	2	1,29	9	1	139
CR2-CR4	C	5	21	2	1,29	9	2	209
CR2-CR4	C	5	21	2	1,29	9	3	97
CR2-CR4	L	5	21	2	1,29	9	1	328
CR2-CR4	L	5	21	2	1,29	9	2	244
CR2-CR4	L	5	21	2	1,29	9	3	228
CR2-CR4	M	5	21	2	1,29	9	1	1425
CR2-CR4	M	5	21	2	1,29	9	2	652
CR2-CR4	M	5	21	2	1,29	9	3	745
CR2-CR4	H	5	21	2	1,29	9	1	2439
CR2-CR4	H	5	21	2	1,29	9	2	2506
CR2-CR4	H	5	21	2	1,29	9	3	2435
CR7-CR4	C	5	21	2	1,29	9	1	197
CR7-CR4	C	5	21	2	1,29	9	2	213
CR7-CR4	C	5	21	2	1,29	9	3	304
CR7-CR4	L	5	21	2	1,29	9	1	429
CR7-CR4	L	5	21	2	1,29	9	2	411
CR7-CR4	L	5	21	2	1,29	9	3	432
CR7-CR4	M	5	21	2	1,29	9	1	2350
CR7-CR4	M	5	21	2	1,29	9	2	2099
CR7-CR4	M	5	21	2	1,29	9	3	2433
CR7-CR4	H	5	21	2	1,29	9	1	2264
CR7-CR4	H	5	21	2	1,29	9	2	2522
CR7-CR4	H	5	21	2	1,29	9	3	2335
CR2	C	5	21	2	1,29	10	1	487
CR2	C	5	21	2	1,29	10	2	288
CR2	C	5	21	2	1,29	10	3	551
CR2	L	5	21	2	1,29	10	1	367
CR2	L	5	21	2	1,29	10	2	721
CR2	L	5	21	2	1,29	10	3	446
CR2	M	5	21	2	1,29	10	1	1329
CR2	M	5	21	2	1,29	10	2	739
CR2	M	5	21	2	1,29	10	3	1204
CR2	H	5	21	2	1,29	10	1	1118
CR2	H	5	21	2	1,29	10	2	1212
CR2	H	5	21	2	1,29	10	3	1133
CR4	C	5	21	2	1,29	10	1	170
CR4	C	5	21	2	1,29	10	2	220
CR4	C	5	21	2	1,29	10	3	146
CR4	L	5	21	2	1,29	10	1	327
CR4	L	5	21	2	1,29	10	2	269
CR4	L	5	21	2	1,29	10	3	206
CR4	M	5	21	2	1,29	10	1	3114
CR4	M	5	21	2	1,29	10	2	2110
CR4	M	5	21	2	1,29	10	3	3587
CR4	H	5	21	2	1,29	10	1	2908
CR4	H	5	21	2	1,29	10	2	2846
CR4	H	5	21	2	1,29	10	3	2841
CR2-CR4	C	5	21	2	1,29	10	1	130
CR2-CR4	C	5	21	2	1,29	10	2	143
CR2-CR4	C	5	21	2	1,29	10	3	66
CR2-CR4	L	5	21	2	1,29	10	1	198
CR2-CR4	L	5	21	2	1,29	10	2	181
CR2-CR4	L	5	21	2	1,29	10	3	189
CR2-CR4	M	5	21	2	1,29	10	1	875
CR2-CR4	M	5	21	2	1,29	10	2	347
CR2-CR4	M	5	21	2	1,29	10	3	471
CR2-CR4	H	5	21	2	1,29	10	1	2464
CR2-CR4	H	5	21	2	1,29	10	2	2570
CR2-CR4	H	5	21	2	1,29	10	3	2404
CR7-CR4	C	5	21	2	1,29	10	1	114
CR7-CR4	C	5	21	2	1,29	10	2	120
CR7-CR4	C	5	21	2	1,29	10	3	71
CR7-CR4	L	5	21	2	1,29	10	1	190
CR7-CR4	L	5	21	2	1,29	10	2	107
CR7-CR4	L	5	21	2	1,29	10	3	165
CR7-CR4	M	5	21	2	1,29	10	1	2381
CR7-CR4	M	5	21	2	1,29	10	2	1751
CR7-CR4	M	5	21	2	1,29	10	3	2248
CR7-CR4	H	5	21	2	1,29	10	1	2306
CR7-CR4	H	5	21	2	1,29	10	2	2455
CR7-CR4	H	5	21	2	1,29	10	3	2345
CR2	C	5	21	2	1,29	11	1	241
CR2	C	5	21	2	1,29	11	2	248
CR2	C	5	21	2	1,29	11	3	212
CR2	L	5	21	2	1,29	11	1	191
CR2	L	5	21	2	1,29	11	2	547
CR2	L	5	21	2	1,29	11	3	333
CR2	M	5	21	2	1,29	11	1	1268
CR2	M	5	21	2	1,29	11	2	765
CR2	M	5	21	2	1,29	11	3	1114
CR2	H	5	21	2	1,29	11	1	829
CR2	H	5	21	2	1,29	11	2	1119
CR2	H	5	21	2	1,29	11	3	953
CR4	C	5	21	2	1,29	11	1	222
CR4	C	5	21	2	1,29	11	2	289
CR4	C	5	21	2	1,29	11	3	197
CR4	L	5	21	2	1,29	11	1	363
CR4	L	5	21	2	1,29	11	2	311
CR4	L	5	21	2	1,29	11	3	294
CR4	M	5	21	2	1,29	11	1	3012
CR4	M	5	21	2	1,29	11	2	1210
CR4	M	5	21	2	1,29	11	3	3532
CR4	H	5	21	2	1,29	11	1	2350
CR4	H	5	21	2	1,29	11	2	2674
CR4	H	5	21	2	1,29	11	3	2859
CR2-CR4	C	5	21	2	1,29	11	1	191
CR2-CR4	C	5	21	2	1,29	11	2	195
CR2-CR4	C	5	21	2	1,29	11	3	118
CR2-CR4	L	5	21	2	1,29	11	1	217
CR2-CR4	L	5	21	2	1,29	11	2	183
CR2-CR4	L	5	21	2	1,29	11	3	172
CR2-CR4	M	5	21	2	1,29	11	1	198
CR2-CR4	M	5	21	2	1,29	11	2	237
CR2-CR4	M	5	21	2	1,29	11	3	305
CR2-CR4	H	5	21	2	1,29	11	1	2477
CR2-CR4	H	5	21	2	1,29	11	2	2655
CR2-CR4	H	5	21	2	1,29	11	3	2367
CR7-CR4	C	5	21	2	1,29	11	1	222
CR7-CR4	C	5	21	2	1,29	11	2	238
CR7-CR4	C	5	21	2	1,29	11	3	49
CR7-CR4	L	5	21	2	1,29	11	1	154
CR7-CR4	L	5	21	2	1,29	11	2	109
CR7-CR4	L	5	21	2	1,29	11	3	119
CR7-CR4	M	5	21	2	1,29	11	1	2239
CR7-CR4	M	5	21	2	1,29	11	2	1187
CR7-CR4	M	5	21	2	1,29	11	3	2046
CR7-CR4	H	5	21	2	1,29	11	1	2325
CR7-CR4	H	5	21	2	1,29	11	2	2374
CR7-CR4	H	5	21	2	1,29	11	3	2235
CR2	C	5	21	2	1,29	12	1	176
CR2	C	5	21	2	1,29	12	2	184
CR2	C	5	21	2	1,29	12	3	186
CR2	L	5	21	2	1,29	12	1	168
CR2	L	5	21	2	1,29	12	2	466
CR2	L	5	21	2	1,29	12	3	250
CR2	M	5	21	2	1,29	12	1	1151
CR2	M	5	21	2	1,29	12	2	1064
CR2	M	5	21	2	1,29	12	3	1148
CR2	H	5	21	2	1,29	12	1	1279
CR2	H	5	21	2	1,29	12	2	1151
CR2	H	5	21	2	1,29	12	3	1163
CR4	C	5	21	2	1,29	12	1	295
CR4	C	5	21	2	1,29	12	2	371
CR4	C	5	21	2	1,29	12	3	233
CR4	L	5	21	2	1,29	12	1	382
CR4	L	5	21	2	1,29	12	2	349
CR4	L	5	21	2	1,29	12	3	235
CR4	M	5	21	2	1,29	12	1	2808
CR4	M	5	21	2	1,29	12	2	493
CR4	M	5	21	2	1,29	12	3	3320
CR4	H	5	21	2	1,29	12	1	2670
CR4	H	5	21	2	1,29	12	2	2978
CR4	H	5	21	2	1,29	12	3	2950
CR2-CR4	C	5	21	2	1,29	12	1	192
CR2-CR4	C	5	21	2	1,29	12	2	178
CR2-CR4	C	5	21	2	1,29	12	3	180
CR2-CR4	L	5	21	2	1,29	12	1	231
CR2-CR4	L	5	21	2	1,29	12	2	247
CR2-CR4	L	5	21	2	1,29	12	3	198
CR2-CR4	M	5	21	2	1,29	12	1	136
CR2-CR4	M	5	21	2	1,29	12	2	273
CR2-CR4	M	5	21	2	1,29	12	3	313
CR2-CR4	H	5	21	2	1,29	12	1	2624
CR2-CR4	H	5	21	2	1,29	12	2	2849
CR2-CR4	H	5	21	2	1,29	12	3	2422
CR7-CR4	C	5	21	2	1,29	12	1	330
CR7-CR4	C	5	21	2	1,29	12	2	442
CR7-CR4	C	5	21	2	1,29	12	3	164
CR7-CR4	L	5	21	2	1,29	12	1	190
CR7-CR4	L	5	21	2	1,29	12	2	214
CR7-CR4	L	5	21	2	1,29	12	3	203
CR7-CR4	M	5	21	2	1,29	12	1	1982
CR7-CR4	M	5	21	2	1,29	12	2	714
CR7-CR4	M	5	21	2	1,29	12	3	1806
CR7-CR4	H	5	21	2	1,29	12	1	2450
CR7-CR4	H	5	21	2	1,29	12	2	2353
CR7-CR4	H	5	21	2	1,29	12	3	2391
CR2	C	5	21	2	1,29	13	1	123
CR2	C	5	21	2	1,29	13	2	125
CR2	C	5	21	2	1,29	13	3	98
CR2	L	5	21	2	1,29	13	1	140
CR2	L	5	21	2	1,29	13	2	332
CR2	L	5	21	2	1,29	13	3	210
CR2	M	5	21	2	1,29	13	1	1047
CR2	M	5	21	2	1,29	13	2	941
CR2	M	5	21	2	1,29	13	3	715
CR2	H	5	21	2	1,29	13	1	1368
CR2	H	5	21	2	1,29	13	2	1263
CR2	H	5	21	2	1,29	13	3	1472
CR4	C	5	21	2	1,29	13	1	196
CR4	C	5	21	2	1,29	13	2	276
CR4	C	5	21	2	1,29	13	3	286
CR4	L	5	21	2	1,29	13	1	380
CR4	L	5	21	2	1,29	13	2	368
CR4	L	5	21	2	1,29	13	3	276
CR4	M	5	21	2	1,29	13	1	2110
CR4	M	5	21	2	1,29	13	2	207
CR4	M	5	21	2	1,29	13	3	3048
CR4	H	5	21	2	1,29	13	1	3140
CR4	H	5	21	2	1,29	13	2	3300
CR4	H	5	21	2	1,29	13	3	3265
CR2-CR4	C	5	21	2	1,29	13	1	162
CR2-CR4	C	5	21	2	1,29	13	2	216
CR2-CR4	C	5	21	2	1,29	13	3	141
CR2-CR4	L	5	21	2	1,29	13	1	247
CR2-CR4	L	5	21	2	1,29	13	2	276
CR2-CR4	L	5	21	2	1,29	13	3	293
CR2-CR4	M	5	21	2	1,29	13	1	133
CR2-CR4	M	5	21	2	1,29	13	2	313
CR2-CR4	M	5	21	2	1,29	13	3	294
CR2-CR4	H	5	21	2	1,29	13	1	2727
CR2-CR4	H	5	21	2	1,29	13	2	2736
CR2-CR4	H	5	21	2	1,29	13	3	2482
CR7-CR4	C	5	21	2	1,29	13	1	393
CR7-CR4	C	5	21	2	1,29	13	2	555
CR7-CR4	C	5	21	2	1,29	13	3	356
CR7-CR4	L	5	21	2	1,29	13	1	318
CR7-CR4	L	5	21	2	1,29	13	2	365
CR7-CR4	L	5	21	2	1,29	13	3	367
CR7-CR4	M	5	21	2	1,29	13	1	1460
CR7-CR4	M	5	21	2	1,29	13	2	378
CR7-CR4	M	5	21	2	1,29	13	3	1477
CR7-CR4	H	5	21	2	1,29	13	1	2616
CR7-CR4	H	5	21	2	1,29	13	2	2298
CR7-CR4	H	5	21	2	1,29	13	3	2392
CR2	C	5	21	2	1,29	14	1	93
CR2	C	5	21	2	1,29	14	2	146
CR2	C	5	21	2	1,29	14	3	91
CR2	L	5	21	2	1,29	14	1	152
CR2	L	5	21	2	1,29	14	2	298
CR2	L	5	21	2	1,29	14	3	233
CR2	M	5	21	2	1,29	14	1	773
CR2	M	5	21	2	1,29	14	2	808
CR2	M	5	21	2	1,29	14	3	403
CR2	H	5	21	2	1,29	14	1	1215
CR2	H	5	21	2	1,29	14	2	977
CR2	H	5	21	2	1,29	14	3	1314
CR4	C	5	21	2	1,29	14	1	197
CR4	C	5	21	2	1,29	14	2	268
CR4	C	5	21	2	1,29	14	3	246
CR4	L	5	21	2	1,29	14	1	498
CR4	L	5	21	2	1,29	14	2	477
CR4	L	5	21	2	1,29	14	3	257
CR4	M	5	21	2	1,29	14	1	1195
CR4	M	5	21	2	1,29	14	2	288
CR4	M	5	21	2	1,29	14	3	2314
CR4	H	5	21	2	1,29	14	1	3240
CR4	H	5	21	2	1,29	14	2	2979
CR4	H	5	21	2	1,29	14	3	3288
CR2-CR4	C	5	21	2	1,29	14	1	171
CR2-CR4	C	5	21	2	1,29	14	2	139
CR2-CR4	C	5	21	2	1,29	14	3	111
CR2-CR4	L	5	21	2	1,29	14	1	307
CR2-CR4	L	5	21	2	1,29	14	2	306
CR2-CR4	L	5	21	2	1,29	14	3	243
CR2-CR4	M	5	21	2	1,29	14	1	184
CR2-CR4	M	5	21	2	1,29	14	2	357
CR2-CR4	M	5	21	2	1,29	14	3	298
CR2-CR4	H	5	21	2	1,29	14	1	2653
CR2-CR4	H	5	21	2	1,29	14	2	2577
CR2-CR4	H	5	21	2	1,29	14	3	2298
CR7-CR4	C	5	21	2	1,29	14	1	250
CR7-CR4	C	5	21	2	1,29	14	2	342
CR7-CR4	C	5	21	2	1,29	14	3	276
CR7-CR4	L	5	21	2	1,29	14	1	332
CR7-CR4	L	5	21	2	1,29	14	2	342
CR7-CR4	L	5	21	2	1,29	14	3	374
CR7-CR4	M	5	21	2	1,29	14	1	764
CR7-CR4	M	5	21	2	1,29	14	2	304
CR7-CR4	M	5	21	2	1,29	14	3	895
CR7-CR4	H	5	21	2	1,29	14	1	2646
CR7-CR4	H	5	21	2	1,29	14	2	2076
CR7-CR4	H	5	21	2	1,29	14	3	2342
CR2	C	5	21	2	1,29	15	1	92
CR2	C	5	21	2	1,29	15	2	143
CR2	C	5	21	2	1,29	15	3	122
CR2	L	5	21	2	1,29	15	1	180
CR2	L	5	21	2	1,29	15	2	237
CR2	L	5	21	2	1,29	15	3	246
CR2	M	5	21	2	1,29	15	1	786
CR2	M	5	21	2	1,29	15	2	914
CR2	M	5	21	2	1,29	15	3	363
CR2	H	5	21	2	1,29	15	1	1299
CR2	H	5	21	2	1,29	15	2	1193
CR2	H	5	21	2	1,29	15	3	1305
CR4	C	5	21	2	1,29	15	1	253
CR4	C	5	21	2	1,29	15	2	266
CR4	C	5	21	2	1,29	15	3	286
CR4	L	5	21	2	1,29	15	1	551
CR4	L	5	21	2	1,29	15	2	547
CR4	L	5	21	2	1,29	15	3	471
CR4	M	5	21	2	1,29	15	1	390
CR4	M	5	21	2	1,29	15	2	344
CR4	M	5	21	2	1,29	15	3	1470
CR4	H	5	21	2	1,29	15	1	3170
CR4	H	5	21	2	1,29	15	2	2912
CR4	H	5	21	2	1,29	15	3	3369
CR2-CR4	C	5	21	2	1,29	15	1	196
CR2-CR4	C	5	21	2	1,29	15	2	165
CR2-CR4	C	5	21	2	1,29	15	3	137
CR2-CR4	L	5	21	2	1,29	15	1	288
CR2-CR4	L	5	21	2	1,29	15	2	294
CR2-CR4	L	5	21	2	1,29	15	3	266
CR2-CR4	M	5	21	2	1,29	15	1	229
CR2-CR4	M	5	21	2	1,29	15	2	401
CR2-CR4	M	5	21	2	1,29	15	3	370
CR2-CR4	H	5	21	2	1,29	15	1	2498
CR2-CR4	H	5	21	2	1,29	15	2	2537
CR2-CR4	H	5	21	2	1,29	15	3	2353
CR7-CR4	C	5	21	2	1,29	15	1	215
CR7-CR4	C	5	21	2	1,29	15	2	234
CR7-CR4	C	5	21	2	1,29	15	3	302
CR7-CR4	L	5	21	2	1,29	15	1	376
CR7-CR4	L	5	21	2	1,29	15	2	368
CR7-CR4	L	5	21	2	1,29	15	3	347
CR7-CR4	M	5	21	2	1,29	15	1	374
CR7-CR4	M	5	21	2	1,29	15	2	283
CR7-CR4	M	5	21	2	1,29	15	3	442
CR7-CR4	H	5	21	2	1,29	15	1	2343
CR7-CR4	H	5	21	2	1,29	15	2	2265
CR7-CR4	H	5	21	2	1,29	15	3	2304
CR2	C	5	21	2	1,29	16	1	157
CR2	C	5	21	2	1,29	16	2	183
CR2	C	5	21	2	1,29	16	3	183
CR2	L	5	21	2	1,29	16	1	310
CR2	L	5	21	2	1,29	16	2	283
CR2	L	5	21	2	1,29	16	3	297
CR2	M	5	21	2	1,29	16	1	766
CR2	M	5	21	2	1,29	16	2	800
CR2	M	5	21	2	1,29	16	3	392
CR2	H	5	21	2	1,29	16	1	1254
CR2	H	5	21	2	1,29	16	2	1082
CR2	H	5	21	2	1,29	16	3	1145
CR4	C	5	21	2	1,29	16	1	320
CR4	C	5	21	2	1,29	16	2	335
CR4	C	5	21	2	1,29	16	3	417
CR4	L	5	21	2	1,29	16	1	731
CR4	L	5	21	2	1,29	16	2	731
CR4	L	5	21	2	1,29	16	3	589
CR4	M	5	21	2	1,29	16	1	297
CR4	M	5	21	2	1,29	16	2	513
CR4	M	5	21	2	1,29	16	3	569
CR4	H	5	21	2	1,29	16	1	2999
CR4	H	5	21	2	1,29	16	2	3010
CR4	H	5	21	2	1,29	16	3	3257
CR2-CR4	C	5	21	2	1,29	16	1	238
CR2-CR4	C	5	21	2	1,29	16	2	272
CR2-CR4	C	5	21	2	1,29	16	3	216
CR2-CR4	L	5	21	2	1,29	16	1	365
CR2-CR4	L	5	21	2	1,29	16	2	390
CR2-CR4	L	5	21	2	1,29	16	3	372
CR2-CR4	M	5	21	2	1,29	16	1	336
CR2-CR4	M	5	21	2	1,29	16	2	448
CR2-CR4	M	5	21	2	1,29	16	3	437
CR2-CR4	H	5	21	2	1,29	16	1	2328
CR2-CR4	H	5	21	2	1,29	16	2	2336
CR2-CR4	H	5	21	2	1,29	16	3	2396
CR7-CR4	C	5	21	2	1,29	16	1	302
CR7-CR4	C	5	21	2	1,29	16	2	242
CR7-CR4	C	5	21	2	1,29	16	3	340
CR7-CR4	L	5	21	2	1,29	16	1	429
CR7-CR4	L	5	21	2	1,29	16	2	311
CR7-CR4	L	5	21	2	1,29	16	3	466
CR7-CR4	M	5	21	2	1,29	16	1	295
CR7-CR4	M	5	21	2	1,29	16	2	390
CR7-CR4	M	5	21	2	1,29	16	3	322
CR7-CR4	H	5	21	2	1,29	16	1	2584
CR7-CR4	H	5	21	2	1,29	16	2	2400
CR7-CR4	H	5	21	2	1,29	16	3	2447
CR2	C	5	21	2	1,29	17	1	165
CR2	C	5	21	2	1,29	17	2	151
CR2	C	5	21	2	1,29	17	3	171
CR2	L	5	21	2	1,29	17	1	462
CR2	L	5	21	2	1,29	17	2	235
CR2	L	5	21	2	1,29	17	3	239
CR2	M	5	21	2	1,29	17	1	608
CR2	M	5	21	2	1,29	17	2	718
CR2	M	5	21	2	1,29	17	3	320
CR2	H	5	21	2	1,29	17	1	1015
CR2	H	5	21	2	1,29	17	2	1094
CR2	H	5	21	2	1,29	17	3	1278
CR4	C	5	21	2	1,29	17	1	368
CR4	C	5	21	2	1,29	17	2	327
CR4	C	5	21	2	1,29	17	3	421
CR4	L	5	21	2	1,29	17	1	703
CR4	L	5	21	2	1,29	17	2	609
CR4	L	5	21	2	1,29	17	3	586
CR4	M	5	21	2	1,29	17	1	277
CR4	M	5	21	2	1,29	17	2	480
CR4	M	5	21	2	1,29	17	3	293
CR4	H	5	21	2	1,29	17	1	2901
CR4	H	5	21	2	1,29	17	2	2913
CR4	H	5	21	2	1,29	17	3	3173
CR2-CR4	C	5	21	2	1,29	17	1	181
CR2-CR4	C	5	21	2	1,29	17	2	178
CR2-CR4	C	5	21	2	1,29	17	3	172
CR2-CR4	L	5	21	2	1,29	17	1	332
CR2-CR4	L	5	21	2	1,29	17	2	384
CR2-CR4	L	5	21	2	1,29	17	3	429
CR2-CR4	M	5	21	2	1,29	17	1	380
CR2-CR4	M	5	21	2	1,29	17	2	471
CR2-CR4	M	5	21	2	1,29	17	3	365
CR2-CR4	H	5	21	2	1,29	17	1	2431
CR2-CR4	H	5	21	2	1,29	17	2	2380
CR2-CR4	H	5	21	2	1,29	17	3	2396
CR7-CR4	C	5	21	2	1,29	17	1	253
CR7-CR4	C	5	21	2	1,29	17	2	234
CR7-CR4	C	5	21	2	1,29	17	3	266
CR7-CR4	L	5	21	2	1,29	17	1	434
CR7-CR4	L	5	21	2	1,29	17	2	295
CR7-CR4	L	5	21	2	1,29	17	3	342
CR7-CR4	M	5	21	2	1,29	17	1	274
CR7-CR4	M	5	21	2	1,29	17	2	312
CR7-CR4	M	5	21	2	1,29	17	3	262
CR7-CR4	H	5	21	2	1,29	17	1	2561
CR7-CR4	H	5	21	2	1,29	17	2	2481
CR7-CR4	H	5	21	2	1,29	17	3	2514
CR2	C	5	21	2	1,29	18	1	143
CR2	C	5	21	2	1,29	18	2	179
CR2	C	5	21	2	1,29	18	3	198
CR2	L	5	21	2	1,29	18	1	557
CR2	L	5	21	2	1,29	18	2	258
CR2	L	5	21	2	1,29	18	3	246
CR2	M	5	21	2	1,29	18	1	504
CR2	M	5	21	2	1,29	18	2	774
CR2	M	5	21	2	1,29	18	3	304
CR2	H	5	21	2	1,29	18	1	802
CR2	H	5	21	2	1,29	18	2	1026
CR2	H	5	21	2	1,29	18	3	1183
CR4	C	5	21	2	1,29	18	1	439
CR4	C	5	21	2	1,29	18	2	381
CR4	C	5	21	2	1,29	18	3	340
CR4	L	5	21	2	1,29	18	1	766
CR4	L	5	21	2	1,29	18	2	729
CR4	L	5	21	2	1,29	18	3	707
CR4	M	5	21	2	1,29	18	1	422
CR4	M	5	21	2	1,29	18	2	683
CR4	M	5	21	2	1,29	18	3	296
CR4	H	5	21	2	1,29	18	1	2940
CR4	H	5	21	2	1,29	18	2	3032
CR4	H	5	21	2	1,29	18	3	3181
CR2-CR4	C	5	21	2	1,29	18	1	204
CR2-CR4	C	5	21	2	1,29	18	2	203
CR2-CR4	C	5	21	2	1,29	18	3	200
CR2-CR4	L	5	21	2	1,29	18	1	297
CR2-CR4	L	5	21	2	1,29	18	2	364
CR2-CR4	L	5	21	2	1,29	18	3	419
CR2-CR4	M	5	21	2	1,29	18	1	460
CR2-CR4	M	5	21	2	1,29	18	2	500
CR2-CR4	M	5	21	2	1,29	18	3	554
CR2-CR4	H	5	21	2	1,29	18	1	2385
CR2-CR4	H	5	21	2	1,29	18	2	2280
CR2-CR4	H	5	21	2	1,29	18	3	2403
CR7-CR4	C	5	21	2	1,29	18	1	363
CR7-CR4	C	5	21	2	1,29	18	2	232
CR7-CR4	C	5	21	2	1,29	18	3	271
CR7-CR4	L	5	21	2	1,29	18	1	396
CR7-CR4	L	5	21	2	1,29	18	2	327
CR7-CR4	L	5	21	2	1,29	18	3	422
CR7-CR4	M	5	21	2	1,29	18	1	438
CR7-CR4	M	5	21	2	1,29	18	2	549
CR7-CR4	M	5	21	2	1,29	18	3	212
CR7-CR4	H	5	21	2	1,29	18	1	2610
CR7-CR4	H	5	21	2	1,29	18	2	2430
CR7-CR4	H	5	21	2	1,29	18	3	2494
CR2	C	5	21	2	1,29	19	1	101
CR2	C	5	21	2	1,29	19	2	147
CR2	C	5	21	2	1,29	19	3	175
CR2	L	5	21	2	1,29	19	1	356
CR2	L	5	21	2	1,29	19	2	248
CR2	L	5	21	2	1,29	19	3	201
CR2	M	5	21	2	1,29	19	1	304
CR2	M	5	21	2	1,29	19	2	549
CR2	M	5	21	2	1,29	19	3	203
CR2	H	5	21	2	1,29	19	1	570
CR2	H	5	21	2	1,29	19	2	738
CR2	H	5	21	2	1,29	19	3	848
CR4	C	5	21	2	1,29	19	1	288
CR4	C	5	21	2	1,29	19	2	238
CR4	C	5	21	2	1,29	19	3	292
CR4	L	5	21	2	1,29	19	1	601
CR4	L	5	21	2	1,29	19	2	636
CR4	L	5	21	2	1,29	19	3	570
CR4	M	5	21	2	1,29	19	1	331
CR4	M	5	21	2	1,29	19	2	508
CR4	M	5	21	2	1,29	19	3	259
CR4	H	5	21	2	1,29	19	1	3019
CR4	H	5	21	2	1,29	19	2	3055
CR4	H	5	21	2	1,29	19	3	2912
CR2-CR4	C	5	21	2	1,29	19	1	159
CR2-CR4	C	5	21	2	1,29	19	2	130
CR2-CR4	C	5	21	2	1,29	19	3	139
CR2-CR4	L	5	21	2	1,29	19	1	279
CR2-CR4	L	5	21	2	1,29	19	2	324
CR2-CR4	L	5	21	2	1,29	19	3	366
CR2-CR4	M	5	21	2	1,29	19	1	352
CR2-CR4	M	5	21	2	1,29	19	2	357
CR2-CR4	M	5	21	2	1,29	19	3	374
CR2-CR4	H	5	21	2	1,29	19	1	2021
CR2-CR4	H	5	21	2	1,29	19	2	1950
CR2-CR4	H	5	21	2	1,29	19	3	2350
CR7-CR4	C	5	21	2	1,29	19	1	197
CR7-CR4	C	5	21	2	1,29	19	2	213
CR7-CR4	C	5	21	2	1,29	19	3	202
CR7-CR4	L	5	21	2	1,29	19	1	284
CR7-CR4	L	5	21	2	1,29	19	2	215
CR7-CR4	L	5	21	2	1,29	19	3	258
CR7-CR4	M	5	21	2	1,29	19	1	280
CR7-CR4	M	5	21	2	1,29	19	2	314
CR7-CR4	M	5	21	2	1,29	19	3	225
CR7-CR4	H	5	21	2	1,29	19	1	2215
CR7-CR4	H	5	21	2	1,29	19	2	2100
CR7-CR4	H	5	21	2	1,29	19	3	2341
CR2	C	5	21	2	1,29	20	1	136
CR2	C	5	21	2	1,29	20	2	173
CR2	C	5	21	2	1,29	20	3	170
CR2	L	5	21	2	1,29	20	1	429
CR2	L	5	21	2	1,29	20	2	277
CR2	L	5	21	2	1,29	20	3	241
CR2	M	5	21	2	1,29	20	1	330
CR2	M	5	21	2	1,29	20	2	787
CR2	M	5	21	2	1,29	20	3	230
CR2	H	5	21	2	1,29	20	1	763
CR2	H	5	21	2	1,29	20	2	1054
CR2	H	5	21	2	1,29	20	3	1067
CR4	C	5	21	2	1,29	20	1	440
CR4	C	5	21	2	1,29	20	2	348
CR4	C	5	21	2	1,29	20	3	344
CR4	L	5	21	2	1,29	20	1	717
CR4	L	5	21	2	1,29	20	2	750
CR4	L	5	21	2	1,29	20	3	664
CR4	M	5	21	2	1,29	20	1	438
CR4	M	5	21	2	1,29	20	2	914
CR4	M	5	21	2	1,29	20	3	367
CR4	H	5	21	2	1,29	20	1	3335
CR4	H	5	21	2	1,29	20	2	3454
CR4	H	5	21	2	1,29	20	3	3330
CR2-CR4	C	5	21	2	1,29	20	1	212
CR2-CR4	C	5	21	2	1,29	20	2	229
CR2-CR4	C	5	21	2	1,29	20	3	185
CR2-CR4	L	5	21	2	1,29	20	1	313
CR2-CR4	L	5	21	2	1,29	20	2	409
CR2-CR4	L	5	21	2	1,29	20	3	417
CR2-CR4	M	5	21	2	1,29	20	1	467
CR2-CR4	M	5	21	2	1,29	20	2	459
CR2-CR4	M	5	21	2	1,29	20	3	507
CR2-CR4	H	5	21	2	1,29	20	1	2332
CR2-CR4	H	5	21	2	1,29	20	2	2223
CR2-CR4	H	5	21	2	1,29	20	3	2449
CR7-CR4	C	5	21	2	1,29	20	1	246
CR7-CR4	C	5	21	2	1,29	20	2	423
CR7-CR4	C	5	21	2	1,29	20	3	279
CR7-CR4	L	5	21	2	1,29	20	1	383
CR7-CR4	L	5	21	2	1,29	20	2	328
CR7-CR4	L	5	21	2	1,29	20	3	397
CR7-CR4	M	5	21	2	1,29	20	1	520
CR7-CR4	M	5	21	2	1,29	20	2	481
CR7-CR4	M	5	21	2	1,29	20	3	409
CR7-CR4	H	5	21	2	1,29	20	1	2775
CR7-CR4	H	5	21	2	1,29	20	2	2624
CR7-CR4	H	5	21	2	1,29	20	3	2672
CR2	C	5	21	2	1,29	21	1	140
CR2	C	5	21	2	1,29	21	2	136
CR2	C	5	21	2	1,29	21	3	186
CR2	L	5	21	2	1,29	21	1	268
CR2	L	5	21	2	1,29	21	2	249
CR2	L	5	21	2	1,29	21	3	207
CR2	M	5	21	2	1,29	21	1	308
CR2	M	5	21	2	1,29	21	2	725
CR2	M	5	21	2	1,29	21	3	271
CR2	H	5	21	2	1,29	21	1	614
CR2	H	5	21	2	1,29	21	2	848
CR2	H	5	21	2	1,29	21	3	841
CR4	C	5	21	2	1,29	21	1	319
CR4	C	5	21	2	1,29	21	2	258
CR4	C	5	21	2	1,29	21	3	247
CR4	L	5	21	2	1,29	21	1	625
CR4	L	5	21	2	1,29	21	2	777
CR4	L	5	21	2	1,29	21	3	635
CR4	M	5	21	2	1,29	21	1	579
CR4	M	5	21	2	1,29	21	2	1034
CR4	M	5	21	2	1,29	21	3	625
CR4	H	5	21	2	1,29	21	1	3175
CR4	H	5	21	2	1,29	21	2	3150
CR4	H	5	21	2	1,29	21	3	3137
CR2-CR4	C	5	21	2	1,29	21	1	219
CR2-CR4	C	5	21	2	1,29	21	2	202
CR2-CR4	C	5	21	2	1,29	21	3	188
CR2-CR4	L	5	21	2	1,29	21	1	378
CR2-CR4	L	5	21	2	1,29	21	2	380
CR2-CR4	L	5	21	2	1,29	21	3	346
CR2-CR4	M	5	21	2	1,29	21	1	405
CR2-CR4	M	5	21	2	1,29	21	2	480
CR2-CR4	M	5	21	2	1,29	21	3	520
CR2-CR4	H	5	21	2	1,29	21	1	2238
CR2-CR4	H	5	21	2	1,29	21	2	2160
CR2-CR4	H	5	21	2	1,29	21	3	2378
CR7-CR4	C	5	21	2	1,29	21	1	335
CR7-CR4	C	5	21	2	1,29	21	2	317
CR7-CR4	C	5	21	2	1,29	21	3	220
CR7-CR4	L	5	21	2	1,29	21	1	353
CR7-CR4	L	5	21	2	1,29	21	2	340
CR7-CR4	L	5	21	2	1,29	21	3	438
CR7-CR4	M	5	21	2	1,29	21	1	470
CR7-CR4	M	5	21	2	1,29	21	2	555
CR7-CR4	M	5	21	2	1,29	21	3	358
CR7-CR4	H	5	21	2	1,29	21	1	2572
CR7-CR4	H	5	21	2	1,29	21	2	2497
CR7-CR4	H	5	21	2	1,29	21	3	2494
CR2	C	5	21	2	1,29	22	1	166
CR2	C	5	21	2	1,29	22	2	163
CR2	C	5	21	2	1,29	22	3	194
CR2	L	5	21	2	1,29	22	1	247
CR2	L	5	21	2	1,29	22	2	205
CR2	L	5	21	2	1,29	22	3	218
CR2	M	5	21	2	1,29	22	1	297
CR2	M	5	21	2	1,29	22	2	604
CR2	M	5	21	2	1,29	22	3	238
CR2	H	5	21	2	1,29	22	1	732
CR2	H	5	21	2	1,29	22	2	791
CR2	H	5	21	2	1,29	22	3	791
CR4	C	5	21	2	1,29	22	1	385
CR4	C	5	21	2	1,29	22	2	261
CR4	C	5	21	2	1,29	22	3	304
CR4	L	5	21	2	1,29	22	1	636
CR4	L	5	21	2	1,29	22	2	614
CR4	L	5	21	2	1,29	22	3	566
CR4	M	5	21	2	1,29	22	1	686
CR4	M	5	21	2	1,29	22	2	927
CR4	M	5	21	2	1,29	22	3	637
CR4	H	5	21	2	1,29	22	1	2989
CR4	H	5	21	2	1,29	22	2	2911
CR4	H	5	21	2	1,29	22	3	2874
CR2-CR4	C	5	21	2	1,29	22	1	199
CR2-CR4	C	5	21	2	1,29	22	2	173
CR2-CR4	C	5	21	2	1,29	22	3	249
CR2-CR4	L	5	21	2	1,29	22	1	313
CR2-CR4	L	5	21	2	1,29	22	2	335
CR2-CR4	L	5	21	2	1,29	22	3	307
CR2-CR4	M	5	21	2	1,29	22	1	421
CR2-CR4	M	5	21	2	1,29	22	2	445
CR2-CR4	M	5	21	2	1,29	22	3	436
CR2-CR4	H	5	21	2	1,29	22	1	2272
CR2-CR4	H	5	21	2	1,29	22	2	2173
CR2-CR4	H	5	21	2	1,29	22	3	2233
CR7-CR4	C	5	21	2	1,29	22	1	271
CR7-CR4	C	5	21	2	1,29	22	2	323
CR7-CR4	C	5	21	2	1,29	22	3	184
CR7-CR4	L	5	21	2	1,29	22	1	392
CR7-CR4	L	5	21	2	1,29	22	2	320
CR7-CR4	L	5	21	2	1,29	22	3	390
CR7-CR4	M	5	21	2	1,29	22	1	452
CR7-CR4	M	5	21	2	1,29	22	2	524
CR7-CR4	M	5	21	2	1,29	22	3	413
CR7-CR4	H	5	21	2	1,29	22	1	2622
CR7-CR4	H	5	21	2	1,29	22	2	2738
CR7-CR4	H	5	21	2	1,29	22	3	2420
CR2	C	5	21	2	1,29	23	1	105
CR2	C	5	21	2	1,29	23	2	164
CR2	C	5	21	2	1,29	23	3	154
CR2	L	5	21	2	1,29	23	1	201
CR2	L	5	21	2	1,29	23	2	181
CR2	L	5	21	2	1,29	23	3	215
CR2	M	5	21	2	1,29	23	1	194
CR2	M	5	21	2	1,29	23	2	545
CR2	M	5	21	2	1,29	23	3	209
CR2	H	5	21	2	1,29	23	1	674
CR2	H	5	21	2	1,29	23	2	774
CR2	H	5	21	2	1,29	23	3	765
CR4	C	5	21	2	1,29	23	1	251
CR4	C	5	21	2	1,29	23	2	241
CR4	C	5	21	2	1,29	23	3	270
CR4	L	5	21	2	1,29	23	1	435
CR4	L	5	21	2	1,29	23	2	492
CR4	L	5	21	2	1,29	23	3	375
CR4	M	5	21	2	1,29	23	1	945
CR4	M	5	21	2	1,29	23	2	711
CR4	M	5	21	2	1,29	23	3	590
CR4	H	5	21	2	1,29	23	1	3064
CR4	H	5	21	2	1,29	23	2	3348
CR4	H	5	21	2	1,29	23	3	3054
CR2-CR4	C	5	21	2	1,29	23	1	195
CR2-CR4	C	5	21	2	1,29	23	2	186
CR2-CR4	C	5	21	2	1,29	23	3	164
CR2-CR4	L	5	21	2	1,29	23	1	292
CR2-CR4	L	5	21	2	1,29	23	2	352
CR2-CR4	L	5	21	2	1,29	23	3	287
CR2-CR4	M	5	21	2	1,29	23	1	337
CR2-CR4	M	5	21	2	1,29	23	2	332
CR2-CR4	M	5	21	2	1,29	23	3	379
CR2-CR4	H	5	21	2	1,29	23	1	2367
CR2-CR4	H	5	21	2	1,29	23	2	2306
CR2-CR4	H	5	21	2	1,29	23	3	2499
CR7-CR4	C	5	21	2	1,29	23	1	342
CR7-CR4	C	5	21	2	1,29	23	2	352
CR7-CR4	C	5	21	2	1,29	23	3	187
CR7-CR4	L	5	21	2	1,29	23	1	311
CR7-CR4	L	5	21	2	1,29	23	2	246
CR7-CR4	L	5	21	2	1,29	23	3	384
CR7-CR4	M	5	21	2	1,29	23	1	359
CR7-CR4	M	5	21	2	1,29	23	2	383
CR7-CR4	M	5	21	2	1,29	23	3	453
CR7-CR4	H	5	21	2	1,29	23	1	2543
CR7-CR4	H	5	21	2	1,29	23	2	2683
CR7-CR4	H	5	21	2	1,29	23	3	2638
CR2	C	5	21	2	1,29	24	1	132
CR2	C	5	21	2	1,29	24	2	177
CR2	C	5	21	2	1,29	24	3	207
CR2	L	5	21	2	1,29	24	1	212
CR2	L	5	21	2	1,29	24	2	218
CR2	L	5	21	2	1,29	24	3	206
CR2	M	5	21	2	1,29	24	1	253
CR2	M	5	21	2	1,29	24	2	752
CR2	M	5	21	2	1,29	24	3	255
CR2	H	5	21	2	1,29	24	1	809
CR2	H	5	21	2	1,29	24	2	933
CR2	H	5	21	2	1,29	24	3	838
CR4	C	5	21	2	1,29	24	1	355
CR4	C	5	21	2	1,29	24	2	214
CR4	C	5	21	2	1,29	24	3	317
CR4	L	5	21	2	1,29	24	1	441
CR4	L	5	21	2	1,29	24	2	740
CR4	L	5	21	2	1,29	24	3	434
CR4	M	5	21	2	1,29	24	1	1122
CR4	M	5	21	2	1,29	24	2	670
CR4	M	5	21	2	1,29	24	3	859
CR4	H	5	21	2	1,29	24	1	3097
CR4	H	5	21	2	1,29	24	2	3268
CR4	H	5	21	2	1,29	24	3	3063
CR2-CR4	C	5	21	2	1,29	24	1	222
CR2-CR4	C	5	21	2	1,29	24	2	182
CR2-CR4	C	5	21	2	1,29	24	3	204
CR2-CR4	L	5	21	2	1,29	24	1	371
CR2-CR4	L	5	21	2	1,29	24	2	363
CR2-CR4	L	5	21	2	1,29	24	3	317
CR2-CR4	M	5	21	2	1,29	24	1	396
CR2-CR4	M	5	21	2	1,29	24	2	484
CR2-CR4	M	5	21	2	1,29	24	3	419
CR2-CR4	H	5	21	2	1,29	24	1	2458
CR2-CR4	H	5	21	2	1,29	24	2	2458
CR2-CR4	H	5	21	2	1,29	24	3	2507
CR7-CR4	C	5	21	2	1,29	24	1	299
CR7-CR4	C	5	21	2	1,29	24	2	333
CR7-CR4	C	5	21	2	1,29	24	3	212
CR7-CR4	L	5	21	2	1,29	24	1	478
CR7-CR4	L	5	21	2	1,29	24	2	371
CR7-CR4	L	5	21	2	1,29	24	3	381
CR7-CR4	M	5	21	2	1,29	24	1	425
CR7-CR4	M	5	21	2	1,29	24	2	537
CR7-CR4	M	5	21	2	1,29	24	3	482
CR7-CR4	H	5	21	2	1,29	24	1	2693
CR7-CR4	H	5	21	2	1,29	24	2	2990
CR7-CR4	H	5	21	2	1,29	24	3	2466
CR2	C	5	21	2	1,29	25	1	142
CR2	C	5	21	2	1,29	25	2	172
CR2	C	5	21	2	1,29	25	3	173
CR2	L	5	21	2	1,29	25	1	188
CR2	L	5	21	2	1,29	25	2	215
CR2	L	5	21	2	1,29	25	3	243
CR2	M	5	21	2	1,29	25	1	196
CR2	M	5	21	2	1,29	25	2	613
CR2	M	5	21	2	1,29	25	3	259
CR2	H	5	21	2	1,29	25	1	771
CR2	H	5	21	2	1,29	25	2	854
CR2	H	5	21	2	1,29	25	3	830
CR4	C	5	21	2	1,29	25	1	388
CR4	C	5	21	2	1,29	25	2	156
CR4	C	5	21	2	1,29	25	3	216
CR4	L	5	21	2	1,29	25	1	389
CR4	L	5	21	2	1,29	25	2	619
CR4	L	5	21	2	1,29	25	3	349
CR4	M	5	21	2	1,29	25	1	776
CR4	M	5	21	2	1,29	25	2	672
CR4	M	5	21	2	1,29	25	3	712
CR4	H	5	21	2	1,29	25	1	2722
CR4	H	5	21	2	1,29	25	2	3095
CR4	H	5	21	2	1,29	25	3	2910
CR2-CR4	C	5	21	2	1,29	25	1	156
CR2-CR4	C	5	21	2	1,29	25	2	139
CR2-CR4	C	5	21	2	1,29	25	3	147
CR2-CR4	L	5	21	2	1,29	25	1	301
CR2-CR4	L	5	21	2	1,29	25	2	304
CR2-CR4	L	5	21	2	1,29	25	3	308
CR2-CR4	M	5	21	2	1,29	25	1	417
CR2-CR4	M	5	21	2	1,29	25	2	324
CR2-CR4	M	5	21	2	1,29	25	3	347
CR2-CR4	H	5	21	2	1,29	25	1	2251
CR2-CR4	H	5	21	2	1,29	25	2	2188
CR2-CR4	H	5	21	2	1,29	25	3	2275
CR7-CR4	C	5	21	2	1,29	25	1	280
CR7-CR4	C	5	21	2	1,29	25	2	371
CR7-CR4	C	5	21	2	1,29	25	3	178
CR7-CR4	L	5	21	2	1,29	25	1	431
CR7-CR4	L	5	21	2	1,29	25	2	373
CR7-CR4	L	5	21	2	1,29	25	3	455
CR7-CR4	M	5	21	2	1,29	25	1	367
CR7-CR4	M	5	21	2	1,29	25	2	421
CR7-CR4	M	5	21	2	1,29	25	3	362
CR7-CR4	H	5	21	2	1,29	25	1	2379
CR7-CR4	H	5	21	2	1,29	25	2	2180
CR7-CR4	H	5	21	2	1,29	25	3	2144
CR2	C	5	21	2	1,29	26	1	129
CR2	C	5	21	2	1,29	26	2	135
CR2	C	5	21	2	1,29	26	3	126
CR2	L	5	21	2	1,29	26	1	199
CR2	L	5	21	2	1,29	26	2	251
CR2	L	5	21	2	1,29	26	3	279
CR2	M	5	21	2	1,29	26	1	211
CR2	M	5	21	2	1,29	26	2	783
CR2	M	5	21	2	1,29	26	3	370
CR2	H	5	21	2	1,29	26	1	901
CR2	H	5	21	2	1,29	26	2	842
CR2	H	5	21	2	1,29	26	3	760
CR4	C	5	21	2	1,29	26	1	333
CR4	C	5	21	2	1,29	26	2	200
CR4	C	5	21	2	1,29	26	3	289
CR4	L	5	21	2	1,29	26	1	458
CR4	L	5	21	2	1,29	26	2	726
CR4	L	5	21	2	1,29	26	3	401
CR4	M	5	21	2	1,29	26	1	863
CR4	M	5	21	2	1,29	26	2	773
CR4	M	5	21	2	1,29	26	3	700
CR4	H	5	21	2	1,29	26	1	3242
CR4	H	5	21	2	1,29	26	2	3436
CR4	H	5	21	2	1,29	26	3	3053
CR2-CR4	C	5	21	2	1,29	26	1	116
CR2-CR4	C	5	21	2	1,29	26	2	231
CR2-CR4	C	5	21	2	1,29	26	3	182
CR2-CR4	L	5	21	2	1,29	26	1	388
CR2-CR4	L	5	21	2	1,29	26	2	322
CR2-CR4	L	5	21	2	1,29	26	3	366
CR2-CR4	M	5	21	2	1,29	26	1	464
CR2-CR4	M	5	21	2	1,29	26	2	452
CR2-CR4	M	5	21	2	1,29	26	3	473
CR2-CR4	H	5	21	2	1,29	26	1	2788
CR2-CR4	H	5	21	2	1,29	26	2	2555
CR2-CR4	H	5	21	2	1,29	26	3	2868
CR7-CR4	C	5	21	2	1,29	26	1	383
CR7-CR4	C	5	21	2	1,29	26	2	290
CR7-CR4	C	5	21	2	1,29	26	3	154
CR7-CR4	L	5	21	2	1,29	26	1	564
CR7-CR4	L	5	21	2	1,29	26	2	544
CR7-CR4	L	5	21	2	1,29	26	3	487
CR7-CR4	M	5	21	2	1,29	26	1	507
CR7-CR4	M	5	21	2	1,29	26	2	624
CR7-CR4	M	5	21	2	1,29	26	3	591
CR7-CR4	H	5	21	2	1,29	26	1	2762
CR7-CR4	H	5	21	2	1,29	26	2	2872
CR7-CR4	H	5	21	2	1,29	26	3	2670
CR2	C	5	21	2	1,29	27	1	76
CR2	C	5	21	2	1,29	27	2	18
CR2	C	5	21	2	1,29	27	3	135
CR2	L	5	21	2	1,29	27	1	142
CR2	L	5	21	2	1,29	27	2	196
CR2	L	5	21	2	1,29	27	3	229
CR2	M	5	21	2	1,29	27	1	161
CR2	M	5	21	2	1,29	27	2	741
CR2	M	5	21	2	1,29	27	3	334
CR2	H	5	21	2	1,29	27	1	779
CR2	H	5	21	2	1,29	27	2	830
CR2	H	5	21	2	1,29	27	3	925
CR4	C	5	21	2	1,29	27	1	164
CR4	C	5	21	2	1,29	27	2	130
CR4	C	5	21	2	1,29	27	3	173
CR4	L	5	21	2	1,29	27	1	306
CR4	L	5	21	2	1,29	27	2	548
CR4	L	5	21	2	1,29	27	3	477
CR4	M	5	21	2	1,29	27	1	666
CR4	M	5	21	2	1,29	27	2	700
CR4	M	5	21	2	1,29	27	3	599
CR4	H	5	21	2	1,29	27	1	3009
CR4	H	5	21	2	1,29	27	2	3279
CR4	H	5	21	2	1,29	27	3	2871
CR2-CR4	C	5	21	2	1,29	27	1	146
CR2-CR4	C	5	21	2	1,29	27	2	140
CR2-CR4	C	5	21	2	1,29	27	3	280
CR2-CR4	L	5	21	2	1,29	27	1	301
CR2-CR4	L	5	21	2	1,29	27	2	293
CR2-CR4	L	5	21	2	1,29	27	3	350
CR2-CR4	M	5	21	2	1,29	27	1	504
CR2-CR4	M	5	21	2	1,29	27	2	433
CR2-CR4	M	5	21	2	1,29	27	3	536
CR2-CR4	H	5	21	2	1,29	27	1	2824
CR2-CR4	H	5	21	2	1,29	27	2	2690
CR2-CR4	H	5	21	2	1,29	27	3	3087
CR7-CR4	C	5	21	2	1,29	27	1	294
CR7-CR4	C	5	21	2	1,29	27	2	353
CR7-CR4	C	5	21	2	1,29	27	3	162
CR7-CR4	L	5	21	2	1,29	27	1	328
CR7-CR4	L	5	21	2	1,29	27	2	389
CR7-CR4	L	5	21	2	1,29	27	3	423
CR7-CR4	M	5	21	2	1,29	27	1	474
CR7-CR4	M	5	21	2	1,29	27	2	598
CR7-CR4	M	5	21	2	1,29	27	3	501
CR7-CR4	H	5	21	2	1,29	27	1	2847
CR7-CR4	H	5	21	2	1,29	27	2	2953
CR7-CR4	H	5	21	2	1,29	27	3	2696
CR2	C	5	21	2	1,29	28	1	111
CR2	C	5	21	2	1,29	28	2	166
CR2	C	5	21	2	1,29	28	3	213
CR2	L	5	21	2	1,29	28	1	195
CR2	L	5	21	2	1,29	28	2	253
CR2	L	5	21	2	1,29	28	3	271
CR2	M	5	21	2	1,29	28	1	259
CR2	M	5	21	2	1,29	28	2	869
CR2	M	5	21	2	1,29	28	3	357
CR2	H	5	21	2	1,29	28	1	792
CR2	H	5	21	2	1,29	28	2	855
CR2	H	5	21	2	1,29	28	3	869
CR4	C	5	21	2	1,29	28	1	323
CR4	C	5	21	2	1,29	28	2	110
CR4	C	5	21	2	1,29	28	3	253
CR4	L	5	21	2	1,29	28	1	385
CR4	L	5	21	2	1,29	28	2	769
CR4	L	5	21	2	1,29	28	3	413
CR4	M	5	21	2	1,29	28	1	831
CR4	M	5	21	2	1,29	28	2	825
CR4	M	5	21	2	1,29	28	3	709
CR4	H	5	21	2	1,29	28	1	2768
CR4	H	5	21	2	1,29	28	2	2992
CR4	H	5	21	2	1,29	28	3	2840
CR2-CR4	C	5	21	2	1,29	28	1	197
CR2-CR4	C	5	21	2	1,29	28	2	175
CR2-CR4	C	5	21	2	1,29	28	3	211
CR2-CR4	L	5	21	2	1,29	28	1	396
CR2-CR4	L	5	21	2	1,29	28	2	250
CR2-CR4	L	5	21	2	1,29	28	3	394
CR2-CR4	M	5	21	2	1,29	28	1	399
CR2-CR4	M	5	21	2	1,29	28	2	451
CR2-CR4	M	5	21	2	1,29	28	3	531
CR2-CR4	H	5	21	2	1,29	28	1	2590
CR2-CR4	H	5	21	2	1,29	28	2	2704
CR2-CR4	H	5	21	2	1,29	28	3	2808
CR7-CR4	C	5	21	2	1,29	28	1	264
CR7-CR4	C	5	21	2	1,29	28	2	333
CR7-CR4	C	5	21	2	1,29	28	3	155
CR7-CR4	L	5	21	2	1,29	28	1	377
CR7-CR4	L	5	21	2	1,29	28	2	393
CR7-CR4	L	5	21	2	1,29	28	3	582
CR7-CR4	M	5	21	2	1,29	28	1	486
CR7-CR4	M	5	21	2	1,29	28	2	555
CR7-CR4	M	5	21	2	1,29	28	3	428
CR7-CR4	H	5	21	2	1,29	28	1	2206
CR7-CR4	H	5	21	2	1,29	28	2	2494
CR7-CR4	H	5	21	2	1,29	28	3	2200
CR2	C	5	21	2	1,29	29	1	156
CR2	C	5	21	2	1,29	29	2	196
CR2	C	5	21	2	1,29	29	3	159
CR2	L	5	21	2	1,29	29	1	258
CR2	L	5	21	2	1,29	29	2	296
CR2	L	5	21	2	1,29	29	3	420
CR2	M	5	21	2	1,29	29	1	322
CR2	M	5	21	2	1,29	29	2	1062
CR2	M	5	21	2	1,29	29	3	461
CR2	H	5	21	2	1,29	29	1	1054
CR2	H	5	21	2	1,29	29	2	1003
CR2	H	5	21	2	1,29	29	3	1110
CR4	C	5	21	2	1,29	29	1	248
CR4	C	5	21	2	1,29	29	2	134
CR4	C	5	21	2	1,29	29	3	261
CR4	L	5	21	2	1,29	29	1	422
CR4	L	5	21	2	1,29	29	2	950
CR4	L	5	21	2	1,29	29	3	545
CR4	M	5	21	2	1,29	29	1	1029
CR4	M	5	21	2	1,29	29	2	884
CR4	M	5	21	2	1,29	29	3	713
CR4	H	5	21	2	1,29	29	1	2909
CR4	H	5	21	2	1,29	29	2	3133
CR4	H	5	21	2	1,29	29	3	2882
CR2-CR4	C	5	21	2	1,29	29	1	188
CR2-CR4	C	5	21	2	1,29	29	2	178
CR2-CR4	C	5	21	2	1,29	29	3	233
CR2-CR4	L	5	21	2	1,29	29	1	413
CR2-CR4	L	5	21	2	1,29	29	2	377
CR2-CR4	L	5	21	2	1,29	29	3	437
CR2-CR4	M	5	21	2	1,29	29	1	790
CR2-CR4	M	5	21	2	1,29	29	2	528
CR2-CR4	M	5	21	2	1,29	29	3	578
CR2-CR4	H	5	21	2	1,29	29	1	2977
CR2-CR4	H	5	21	2	1,29	29	2	2904
CR2-CR4	H	5	21	2	1,29	29	3	2950
CR7-CR4	C	5	21	2	1,29	29	1	262
CR7-CR4	C	5	21	2	1,29	29	2	266
CR7-CR4	C	5	21	2	1,29	29	3	150
CR7-CR4	L	5	21	2	1,29	29	1	426
CR7-CR4	L	5	21	2	1,29	29	2	531
CR7-CR4	L	5	21	2	1,29	29	3	577
CR7-CR4	M	5	21	2	1,29	29	1	473
CR7-CR4	M	5	21	2	1,29	29	2	636
CR7-CR4	M	5	21	2	1,29	29	3	550
CR7-CR4	H	5	21	2	1,29	29	1	2605
CR7-CR4	H	5	21	2	1,29	29	2	2619
CR7-CR4	H	5	21	2	1,29	29	3	2497
CR2	C	5	21	2	1,29	30	1	90
CR2	C	5	21	2	1,29	30	2	170
CR2	C	5	21	2	1,29	30	3	127
CR2	L	5	21	2	1,29	30	1	207
CR2	L	5	21	2	1,29	30	2	256
CR2	L	5	21	2	1,29	30	3	321
CR2	M	5	21	2	1,29	30	1	273
CR2	M	5	21	2	1,29	30	2	1043
CR2	M	5	21	2	1,29	30	3	415
CR2	H	5	21	2	1,29	30	1	1200
CR2	H	5	21	2	1,29	30	2	920
CR2	H	5	21	2	1,29	30	3	1188
CR4	C	5	21	2	1,29	30	1	145
CR4	C	5	21	2	1,29	30	2	108
CR4	C	5	21	2	1,29	30	3	174
CR4	L	5	21	2	1,29	30	1	342
CR4	L	5	21	2	1,29	30	2	833
CR4	L	5	21	2	1,29	30	3	471
CR4	M	5	21	2	1,29	30	1	1046
CR4	M	5	21	2	1,29	30	2	828
CR4	M	5	21	2	1,29	30	3	989
CR4	H	5	21	2	1,29	30	1	2762
CR4	H	5	21	2	1,29	30	2	3290
CR4	H	5	21	2	1,29	30	3	2771
CR2-CR4	C	5	21	2	1,29	30	1	136
CR2-CR4	C	5	21	2	1,29	30	2	134
CR2-CR4	C	5	21	2	1,29	30	3	150
CR2-CR4	L	5	21	2	1,29	30	1	338
CR2-CR4	L	5	21	2	1,29	30	2	279
CR2-CR4	L	5	21	2	1,29	30	3	293
CR2-CR4	M	5	21	2	1,29	30	1	686
CR2-CR4	M	5	21	2	1,29	30	2	444
CR2-CR4	M	5	21	2	1,29	30	3	493
CR2-CR4	H	5	21	2	1,29	30	1	3200
CR2-CR4	H	5	21	2	1,29	30	2	3125
CR2-CR4	H	5	21	2	1,29	30	3	3439
CR7-CR4	C	5	21	2	1,29	30	1	183
CR7-CR4	C	5	21	2	1,29	30	2	182
CR7-CR4	C	5	21	2	1,29	30	3	179
CR7-CR4	L	5	21	2	1,29	30	1	360
CR7-CR4	L	5	21	2	1,29	30	2	712
CR7-CR4	L	5	21	2	1,29	30	3	624
CR7-CR4	M	5	21	2	1,29	30	1	847
CR7-CR4	M	5	21	2	1,29	30	2	836
CR7-CR4	M	5	21	2	1,29	30	3	671
CR7-CR4	H	5	21	2	1,29	30	1	2904
CR7-CR4	H	5	21	2	1,29	30	2	2888
CR7-CR4	H	5	21	2	1,29	30	3	2686
