Strain	Bead	Volu	Site	Dilu	Cove	Day	Trial	Cells
CR2	C	10	21	1	1,29	0	1	369
CR2	C	10	21	1	1,29	0	2	369
CR2	C	10	21	1	1,29	0	3	369
CR2	L	10	21	1	1,29	0	1	369
CR2	L	10	21	1	1,29	0	2	369
CR2	L	10	21	1	1,29	0	3	369
CR2	H	10	21	1	1,29	0	1	369
CR2	H	10	21	1	1,29	0	2	369
CR2	H	10	21	1	1,29	0	3	369
CR4	C	10	21	1	1,29	0	1	369
CR4	C	10	21	1	1,29	0	2	369
CR4	C	10	21	1	1,29	0	3	369
CR4	L	10	21	1	1,29	0	1	369
CR4	L	10	21	1	1,29	0	2	369
CR4	L	10	21	1	1,29	0	3	369
CR4	H	10	21	1	1,29	0	1	369
CR4	H	10	21	1	1,29	0	2	369
CR4	H	10	21	1	1,29	0	3	369
CR2-CR4	C	10	21	1	1,29	0	1	369
CR2-CR4	C	10	21	1	1,29	0	2	369
CR2-CR4	C	10	21	1	1,29	0	3	369
CR2-CR4	L	10	21	1	1,29	0	1	369
CR2-CR4	L	10	21	1	1,29	0	2	369
CR2-CR4	L	10	21	1	1,29	0	3	369
CR2-CR4	H	10	21	1	1,29	0	1	369
CR2-CR4	H	10	21	1	1,29	0	2	369
CR2-CR4	H	10	21	1	1,29	0	3	369
CR2	C	10	21	1	1,29	1	1	187
CR2	C	10	21	1	1,29	1	2	231
CR2	C	10	21	1	1,29	1	3	189
CR2	L	10	21	1	1,29	1	1	629
CR2	L	10	21	1	1,29	1	2	752
CR2	L	10	21	1	1,29	1	3	740
CR2	H	10	21	1	1,29	1	1	648
CR2	H	10	21	1	1,29	1	2	404
CR2	H	10	21	1	1,29	1	3	434
CR4	C	10	21	1	1,29	1	1	1400
CR4	C	10	21	1	1,29	1	2	3181
CR4	C	10	21	1	1,29	1	3	3398
CR4	L	10	21	1	1,29	1	1	1892
CR4	L	10	21	1	1,29	1	2	817
CR4	L	10	21	1	1,29	1	3	579
CR4	H	10	21	1	1,29	1	1	1995
CR4	H	10	21	1	1,29	1	2	2304
CR4	H	10	21	1	1,29	1	3	3236
CR2-CR4	C	10	21	1	1,29	1	1	1682
CR2-CR4	C	10	21	1	1,29	1	2	1330
CR2-CR4	C	10	21	1	1,29	1	3	1244
CR2-CR4	L	10	21	1	1,29	1	1	1404
CR2-CR4	L	10	21	1	1,29	1	2	437
CR2-CR4	L	10	21	1	1,29	1	3	286
CR2-CR4	H	10	21	1	1,29	1	1	1326
CR2-CR4	H	10	21	1	1,29	1	2	1204
CR2-CR4	H	10	21	1	1,29	1	3	1723
CR2	C	10	21	1	1,29	2	1	67
CR2	C	10	21	1	1,29	2	2	1369
CR2	C	10	21	1	1,29	2	3	859
CR2	L	10	21	1	1,29	2	1	151
CR2	L	10	21	1	1,29	2	2	465
CR2	L	10	21	1	1,29	2	3	340
CR2	H	10	21	1	1,29	2	1	688
CR2	H	10	21	1	1,29	2	2	783
CR2	H	10	21	1	1,29	2	3	1128
CR4	C	10	21	1	1,29	2	1	3585
CR4	C	10	21	1	1,29	2	2	3229
CR4	C	10	21	1	1,29	2	3	2783
CR4	L	10	21	1	1,29	2	1	2145
CR4	L	10	21	1	1,29	2	2	1424
CR4	L	10	21	1	1,29	2	3	1952
CR4	H	10	21	1	1,29	2	1	3801
CR4	H	10	21	1	1,29	2	2	2281
CR4	H	10	21	1	1,29	2	3	2506
CR2-CR4	C	10	21	1	1,29	2	1	709
CR2-CR4	C	10	21	1	1,29	2	2	1250
CR2-CR4	C	10	21	1	1,29	2	3	1028
CR2-CR4	L	10	21	1	1,29	2	1	464
CR2-CR4	L	10	21	1	1,29	2	2	1286
CR2-CR4	L	10	21	1	1,29	2	3	1473
CR2-CR4	H	10	21	1	1,29	2	1	1364
CR2-CR4	H	10	21	1	1,29	2	2	1380
CR2-CR4	H	10	21	1	1,29	2	3	1874
CR2	C	10	21	1	1,29	3	1	251
CR2	C	10	21	1	1,29	3	2	1322
CR2	C	10	21	1	1,29	3	3	210
CR2	L	10	21	1	1,29	3	1	89
CR2	L	10	21	1	1,29	3	2	495
CR2	L	10	21	1	1,29	3	3	201
CR2	H	10	21	1	1,29	3	1	357
CR2	H	10	21	1	1,29	3	2	147
CR2	H	10	21	1	1,29	3	3	514
CR4	C	10	21	1	1,29	3	1	3291
CR4	C	10	21	1	1,29	3	2	3370
CR4	C	10	21	1	1,29	3	3	3039
CR4	L	10	21	1	1,29	3	1	1046
CR4	L	10	21	1	1,29	3	2	1053
CR4	L	10	21	1	1,29	3	3	406
CR4	H	10	21	1	1,29	3	1	3738
CR4	H	10	21	1	1,29	3	2	2757
CR4	H	10	21	1	1,29	3	3	2750
CR2-CR4	C	10	21	1	1,29	3	1	1128
CR2-CR4	C	10	21	1	1,29	3	2	1108
CR2-CR4	C	10	21	1	1,29	3	3	957
CR2-CR4	L	10	21	1	1,29	3	1	358
CR2-CR4	L	10	21	1	1,29	3	2	590
CR2-CR4	L	10	21	1	1,29	3	3	598
CR2-CR4	H	10	21	1	1,29	3	1	507
CR2-CR4	H	10	21	1	1,29	3	2	2285
CR2-CR4	H	10	21	1	1,29	3	3	3038
CR2	C	10	21	1	1,29	4	1	762
CR2	C	10	21	1	1,29	4	2	2525
CR2	C	10	21	1	1,29	4	3	1662
CR2	L	10	21	1	1,29	4	1	384
CR2	L	10	21	1	1,29	4	2	718
CR2	L	10	21	1	1,29	4	3	930
CR2	H	10	21	1	1,29	4	1	881
CR2	H	10	21	1	1,29	4	2	207
CR2	H	10	21	1	1,29	4	3	485
CR4	C	10	21	1	1,29	4	1	3160
CR4	C	10	21	1	1,29	4	2	2365
CR4	C	10	21	1	1,29	4	3	3570
CR4	L	10	21	1	1,29	4	1	3041
CR4	L	10	21	1	1,29	4	2	5043
CR4	L	10	21	1	1,29	4	3	3461
CR4	H	10	21	1	1,29	4	1	4600
CR4	H	10	21	1	1,29	4	2	3029
CR4	H	10	21	1	1,29	4	3	3101
CR2-CR4	C	10	21	1	1,29	4	1	1767
CR2-CR4	C	10	21	1	1,29	4	2	2441
CR2-CR4	C	10	21	1	1,29	4	3	2781
CR2-CR4	L	10	21	1	1,29	4	1	1368
CR2-CR4	L	10	21	1	1,29	4	2	1368
CR2-CR4	L	10	21	1	1,29	4	3	2789
CR2-CR4	H	10	21	1	1,29	4	1	878
CR2-CR4	H	10	21	1	1,29	4	2	2967
CR2-CR4	H	10	21	1	1,29	4	3	2491
CR2	C	10	21	1	1,29	5	1	727
CR2	C	10	21	1	1,29	5	2	1003
CR2	C	10	21	1	1,29	5	3	655
CR2	L	10	21	1	1,29	5	1	336
CR2	L	10	21	1	1,29	5	2	376
CR2	L	10	21	1	1,29	5	3	675
CR2	H	10	21	1	1,29	5	1	465
CR2	H	10	21	1	1,29	5	2	797
CR2	H	10	21	1	1,29	5	3	456
CR4	C	10	21	1	1,29	5	1	3067
CR4	C	10	21	1	1,29	5	2	3374
CR4	C	10	21	1	1,29	5	3	3685
CR4	L	10	21	1	1,29	5	1	2005
CR4	L	10	21	1	1,29	5	2	3350
CR4	L	10	21	1	1,29	5	3	3469
CR4	H	10	21	1	1,29	5	1	7400
CR4	H	10	21	1	1,29	5	2	3229
CR4	H	10	21	1	1,29	5	3	2297
CR2-CR4	C	10	21	1	1,29	5	1	1658
CR2-CR4	C	10	21	1	1,29	5	2	2137
CR2-CR4	C	10	21	1	1,29	5	3	1827
CR2-CR4	L	10	21	1	1,29	5	1	1065
CR2-CR4	L	10	21	1	1,29	5	2	1681
CR2-CR4	L	10	21	1	1,29	5	3	1852
CR2-CR4	H	10	21	1	1,29	5	1	952
CR2-CR4	H	10	21	1	1,29	5	2	4227
CR2-CR4	H	10	21	1	1,29	5	3	3600
CR2	C	10	21	1	1,29	6	1	515
CR2	C	10	21	1	1,29	6	2	1558
CR2	C	10	21	1	1,29	6	3	619
CR2	L	10	21	1	1,29	6	1	389
CR2	L	10	21	1	1,29	6	2	610
CR2	L	10	21	1	1,29	6	3	571
CR2	H	10	21	1	1,29	6	1	851
CR2	H	10	21	1	1,29	6	2	646
CR2	H	10	21	1	1,29	6	3	624
CR4	C	10	21	1	1,29	6	1	3705
CR4	C	10	21	1	1,29	6	2	3947
CR4	C	10	21	1	1,29	6	3	3500
CR4	L	10	21	1	1,29	6	1	2525
CR4	L	10	21	1	1,29	6	2	3506
CR4	L	10	21	1	1,29	6	3	4279
CR4	H	10	21	1	1,29	6	1	4150
CR4	H	10	21	1	1,29	6	2	3185
CR4	H	10	21	1	1,29	6	3	2186
CR2-CR4	C	10	21	1	1,29	6	1	1302
CR2-CR4	C	10	21	1	1,29	6	2	1502
CR2-CR4	C	10	21	1	1,29	6	3	1743
CR2-CR4	L	10	21	1	1,29	6	1	1928
CR2-CR4	L	10	21	1	1,29	6	2	1804
CR2-CR4	L	10	21	1	1,29	6	3	1681
CR2-CR4	H	10	21	1	1,29	6	1	638
CR2-CR4	H	10	21	1	1,29	6	2	1667
CR2-CR4	H	10	21	1	1,29	6	3	2176
CR2	C	10	21	1	1,29	7	1	981
CR2	C	10	21	1	1,29	7	2	1664
CR2	C	10	21	1	1,29	7	3	1045
CR2	L	10	21	1	1,29	7	1	395
CR2	L	10	21	1	1,29	7	2	717
CR2	L	10	21	1	1,29	7	3	730
CR2	H	10	21	1	1,29	7	1	815
CR2	H	10	21	1	1,29	7	2	1130
CR2	H	10	21	1	1,29	7	3	808
CR4	C	10	21	1	1,29	7	1	3145
CR4	C	10	21	1	1,29	7	2	3642
CR4	C	10	21	1	1,29	7	3	4132
CR4	L	10	21	1	1,29	7	1	2428
CR4	L	10	21	1	1,29	7	2	2762
CR4	L	10	21	1	1,29	7	3	3885
CR4	H	10	21	1	1,29	7	1	4088
CR4	H	10	21	1	1,29	7	2	2783
CR4	H	10	21	1	1,29	7	3	2704
CR2-CR4	C	10	21	1	1,29	7	1	1544
CR2-CR4	C	10	21	1	1,29	7	2	1970
CR2-CR4	C	10	21	1	1,29	7	3	2071
CR2-CR4	L	10	21	1	1,29	7	1	1670
CR2-CR4	L	10	21	1	1,29	7	2	2166
CR2-CR4	L	10	21	1	1,29	7	3	2360
CR2-CR4	H	10	21	1	1,29	7	1	1226
CR2-CR4	H	10	21	1	1,29	7	2	2331
CR2-CR4	H	10	21	1	1,29	7	3	1832
CR2	C	10	21	1	1,29	8	1	576
CR2	C	10	21	1	1,29	8	2	2984
CR2	C	10	21	1	1,29	8	3	975
CR2	L	10	21	1	1,29	8	1	636
CR2	L	10	21	1	1,29	8	2	655
CR2	L	10	21	1	1,29	8	3	1078
CR2	H	10	21	1	1,29	8	1	1189
CR2	H	10	21	1	1,29	8	2	843
CR2	H	10	21	1	1,29	8	3	1063
CR4	C	10	21	1	1,29	8	1	3177
CR4	C	10	21	1	1,29	8	2	3430
CR4	C	10	21	1	1,29	8	3	3628
CR4	L	10	21	1	1,29	8	1	2630
CR4	L	10	21	1	1,29	8	2	2572
CR4	L	10	21	1	1,29	8	3	4265
CR4	H	10	21	1	1,29	8	1	4821
CR4	H	10	21	1	1,29	8	2	2904
CR4	H	10	21	1	1,29	8	3	2555
CR2-CR4	C	10	21	1	1,29	8	1	1264
CR2-CR4	C	10	21	1	1,29	8	2	1418
CR2-CR4	C	10	21	1	1,29	8	3	1822
CR2-CR4	L	10	21	1	1,29	8	1	1444
CR2-CR4	L	10	21	1	1,29	8	2	1634
CR2-CR4	L	10	21	1	1,29	8	3	1725
CR2-CR4	H	10	21	1	1,29	8	1	1555
CR2-CR4	H	10	21	1	1,29	8	2	1594
CR2-CR4	H	10	21	1	1,29	8	3	1523
CR2	C	10	21	1	1,29	9	1	493
CR2	C	10	21	1	1,29	9	2	2745
CR2	C	10	21	1	1,29	9	3	1210
CR2	L	10	21	1	1,29	9	1	640
CR2	L	10	21	1	1,29	9	2	1158
CR2	L	10	21	1	1,29	9	3	940
CR2	H	10	21	1	1,29	9	1	2344
CR2	H	10	21	1	1,29	9	2	2551
CR2	H	10	21	1	1,29	9	3	894
CR4	C	10	21	1	1,29	9	1	2851
CR4	C	10	21	1	1,29	9	2	3632
CR4	C	10	21	1	1,29	9	3	2600
CR4	L	10	21	1	1,29	9	1	2516
CR4	L	10	21	1	1,29	9	2	2383
CR4	L	10	21	1	1,29	9	3	2709
CR4	H	10	21	1	1,29	9	1	3709
CR4	H	10	21	1	1,29	9	2	2600
CR4	H	10	21	1	1,29	9	3	3323
CR2-CR4	C	10	21	1	1,29	9	1	965
CR2-CR4	C	10	21	1	1,29	9	2	1476
CR2-CR4	C	10	21	1	1,29	9	3	1663
CR2-CR4	L	10	21	1	1,29	9	1	1500
CR2-CR4	L	10	21	1	1,29	9	2	1851
CR2-CR4	L	10	21	1	1,29	9	3	1433
CR2-CR4	H	10	21	1	1,29	9	1	1722
CR2-CR4	H	10	21	1	1,29	9	2	2231
CR2-CR4	H	10	21	1	1,29	9	3	1597
CR2	C	10	21	1	1,29	10	1	792
CR2	C	10	21	1	1,29	10	2	1988
CR2	C	10	21	1	1,29	10	3	835
CR2	L	10	21	1	1,29	10	1	561
CR2	L	10	21	1	1,29	10	2	634
CR2	L	10	21	1	1,29	10	3	728
CR2	H	10	21	1	1,29	10	1	1951
CR2	H	10	21	1	1,29	10	2	1065
CR2	H	10	21	1	1,29	10	3	844
CR4	C	10	21	1	1,29	10	1	3071
CR4	C	10	21	1	1,29	10	2	3262
CR4	C	10	21	1	1,29	10	3	2255
CR4	L	10	21	1	1,29	10	1	2631
CR4	L	10	21	1	1,29	10	2	2112
CR4	L	10	21	1	1,29	10	3	2269
CR4	H	10	21	1	1,29	10	1	4077
CR4	H	10	21	1	1,29	10	2	2151
CR4	H	10	21	1	1,29	10	3	2522
CR2-CR4	C	10	21	1	1,29	10	1	1232
CR2-CR4	C	10	21	1	1,29	10	2	1248
CR2-CR4	C	10	21	1	1,29	10	3	1442
CR2-CR4	L	10	21	1	1,29	10	1	1690
CR2-CR4	L	10	21	1	1,29	10	2	1748
CR2-CR4	L	10	21	1	1,29	10	3	1693
CR2-CR4	H	10	21	1	1,29	10	1	2141
CR2-CR4	H	10	21	1	1,29	10	2	2799
CR2-CR4	H	10	21	1	1,29	10	3	1475
CR2	C	10	21	1	1,29	11	1	542
CR2	C	10	21	1	1,29	11	2	1478
CR2	C	10	21	1	1,29	11	3	1049
CR2	L	10	21	1	1,29	11	1	622
CR2	L	10	21	1	1,29	11	2	550
CR2	L	10	21	1	1,29	11	3	477
CR2	H	10	21	1	1,29	11	1	1914
CR2	H	10	21	1	1,29	11	2	820
CR2	H	10	21	1	1,29	11	3	783
CR4	C	10	21	1	1,29	11	1	2938
CR4	C	10	21	1	1,29	11	2	2886
CR4	C	10	21	1	1,29	11	3	3794
CR4	L	10	21	1	1,29	11	1	1751
CR4	L	10	21	1	1,29	11	2	2129
CR4	L	10	21	1	1,29	11	3	2628
CR4	H	10	21	1	1,29	11	1	5842
CR4	H	10	21	1	1,29	11	2	2553
CR4	H	10	21	1	1,29	11	3	2177
CR2-CR4	C	10	21	1	1,29	11	1	1265
CR2-CR4	C	10	21	1	1,29	11	2	1278
CR2-CR4	C	10	21	1	1,29	11	3	1189
CR2-CR4	L	10	21	1	1,29	11	1	1412
CR2-CR4	L	10	21	1	1,29	11	2	1610
CR2-CR4	L	10	21	1	1,29	11	3	1320
CR2-CR4	H	10	21	1	1,29	11	1	1460
CR2-CR4	H	10	21	1	1,29	11	2	1723
CR2-CR4	H	10	21	1	1,29	11	3	2290
CR2	C	10	21	1	1,29	12	1	684
CR2	C	10	21	1	1,29	12	2	1717
CR2	C	10	21	1	1,29	12	3	600
CR2	L	10	21	1	1,29	12	1	367
CR2	L	10	21	1	1,29	12	2	553
CR2	L	10	21	1	1,29	12	3	663
CR2	H	10	21	1	1,29	12	1	2267
CR2	H	10	21	1	1,29	12	2	913
CR2	H	10	21	1	1,29	12	3	1488
CR4	C	10	21	1	1,29	12	1	2579
CR4	C	10	21	1	1,29	12	2	2317
CR4	C	10	21	1	1,29	12	3	1624
CR4	L	10	21	1	1,29	12	1	1662
CR4	L	10	21	1	1,29	12	2	2600
CR4	L	10	21	1	1,29	12	3	3168
CR4	H	10	21	1	1,29	12	1	3105
CR4	H	10	21	1	1,29	12	2	2149
CR4	H	10	21	1	1,29	12	3	1774
CR2-CR4	C	10	21	1	1,29	12	1	1229
CR2-CR4	C	10	21	1	1,29	12	2	1344
CR2-CR4	C	10	21	1	1,29	12	3	1584
CR2-CR4	L	10	21	1	1,29	12	1	1153
CR2-CR4	L	10	21	1	1,29	12	2	1228
CR2-CR4	L	10	21	1	1,29	12	3	1470
CR2-CR4	H	10	21	1	1,29	12	1	932
CR2-CR4	H	10	21	1	1,29	12	2	2528
CR2-CR4	H	10	21	1	1,29	12	3	2751
CR2	C	10	21	1	1,29	13	1	664
CR2	C	10	21	1	1,29	13	2	1590
CR2	C	10	21	1	1,29	13	3	885
CR2	L	10	21	1	1,29	13	1	787
CR2	L	10	21	1	1,29	13	2	519
CR2	L	10	21	1	1,29	13	3	959
CR2	H	10	21	1	1,29	13	1	2471
CR2	H	10	21	1	1,29	13	2	1132
CR2	H	10	21	1	1,29	13	3	1610
CR4	C	10	21	1	1,29	13	1	2471
CR4	C	10	21	1	1,29	13	2	2722
CR4	C	10	21	1	1,29	13	3	2329
CR4	L	10	21	1	1,29	13	1	1734
CR4	L	10	21	1	1,29	13	2	2203
CR4	L	10	21	1	1,29	13	3	2632
CR4	H	10	21	1	1,29	13	1	2623
CR4	H	10	21	1	1,29	13	2	2568
CR4	H	10	21	1	1,29	13	3	3643
CR2-CR4	C	10	21	1	1,29	13	1	1062
CR2-CR4	C	10	21	1	1,29	13	2	1290
CR2-CR4	C	10	21	1	1,29	13	3	2251
CR2-CR4	L	10	21	1	1,29	13	1	966
CR2-CR4	L	10	21	1	1,29	13	2	1422
CR2-CR4	L	10	21	1	1,29	13	3	1495
CR2-CR4	H	10	21	1	1,29	13	1	1195
CR2-CR4	H	10	21	1	1,29	13	2	2554
CR2-CR4	H	10	21	1	1,29	13	3	1621
CR2	C	10	21	1	1,29	14	1	686
CR2	C	10	21	1	1,29	14	2	1371
CR2	C	10	21	1	1,29	14	3	1379
CR2	L	10	21	1	1,29	14	1	603
CR2	L	10	21	1	1,29	14	2	889
CR2	L	10	21	1	1,29	14	3	749
CR2	H	10	21	1	1,29	14	1	2179
CR2	H	10	21	1	1,29	14	2	1087
CR2	H	10	21	1	1,29	14	3	2245
CR4	C	10	21	1	1,29	14	1	2695
CR4	C	10	21	1	1,29	14	2	1540
CR4	C	10	21	1	1,29	14	3	1866
CR4	L	10	21	1	1,29	14	1	1363
CR4	L	10	21	1	1,29	14	2	2064
CR4	L	10	21	1	1,29	14	3	3034
CR4	H	10	21	1	1,29	14	1	3787
CR4	H	10	21	1	1,29	14	2	2691
CR4	H	10	21	1	1,29	14	3	1732
CR2-CR4	C	10	21	1	1,29	14	1	794
CR2-CR4	C	10	21	1	1,29	14	2	889
CR2-CR4	C	10	21	1	1,29	14	3	1450
CR2-CR4	L	10	21	1	1,29	14	1	1245
CR2-CR4	L	10	21	1	1,29	14	2	1133
CR2-CR4	L	10	21	1	1,29	14	3	1658
CR2-CR4	H	10	21	1	1,29	14	1	1184
CR2-CR4	H	10	21	1	1,29	14	2	2474
CR2-CR4	H	10	21	1	1,29	14	3	1869
CR2	C	10	21	1	1,29	15	1	800
CR2	C	10	21	1	1,29	15	2	2219
CR2	C	10	21	1	1,29	15	3	665
CR2	L	10	21	1	1,29	15	1	515
CR2	L	10	21	1	1,29	15	2	1100
CR2	L	10	21	1	1,29	15	3	595
CR2	H	10	21	1	1,29	15	1	3263
CR2	H	10	21	1	1,29	15	2	962
CR2	H	10	21	1	1,29	15	3	2618
CR4	C	10	21	1	1,29	15	1	2475
CR4	C	10	21	1	1,29	15	2	2172
CR4	C	10	21	1	1,29	15	3	1765
CR4	L	10	21	1	1,29	15	1	1497
CR4	L	10	21	1	1,29	15	2	2140
CR4	L	10	21	1	1,29	15	3	2711
CR4	H	10	21	1	1,29	15	1	2663
CR4	H	10	21	1	1,29	15	2	2095
CR4	H	10	21	1	1,29	15	3	3375
CR2-CR4	C	10	21	1	1,29	15	1	840
CR2-CR4	C	10	21	1	1,29	15	2	1194
CR2-CR4	C	10	21	1	1,29	15	3	1003
CR2-CR4	L	10	21	1	1,29	15	1	1128
CR2-CR4	L	10	21	1	1,29	15	2	984
CR2-CR4	L	10	21	1	1,29	15	3	1429
CR2-CR4	H	10	21	1	1,29	15	1	1571
CR2-CR4	H	10	21	1	1,29	15	2	2342
CR2-CR4	H	10	21	1	1,29	15	3	2110
CR2	C	10	21	1	1,29	16	1	1094
CR2	C	10	21	1	1,29	16	2	1441
CR2	C	10	21	1	1,29	16	3	853
CR2	L	10	21	1	1,29	16	1	627
CR2	L	10	21	1	1,29	16	2	1072
CR2	L	10	21	1	1,29	16	3	1021
CR2	H	10	21	1	1,29	16	1	1179
CR2	H	10	21	1	1,29	16	2	1209
CR2	H	10	21	1	1,29	16	3	2767
CR4	C	10	21	1	1,29	16	1	2051
CR4	C	10	21	1	1,29	16	2	2448
CR4	C	10	21	1	1,29	16	3	2286
CR4	L	10	21	1	1,29	16	1	1574
CR4	L	10	21	1	1,29	16	2	1942
CR4	L	10	21	1	1,29	16	3	2465
CR4	H	10	21	1	1,29	16	1	3140
CR4	H	10	21	1	1,29	16	2	1738
CR4	H	10	21	1	1,29	16	3	2356
CR2-CR4	C	10	21	1	1,29	16	1	622
CR2-CR4	C	10	21	1	1,29	16	2	977
CR2-CR4	C	10	21	1	1,29	16	3	930
CR2-CR4	L	10	21	1	1,29	16	1	998
CR2-CR4	L	10	21	1	1,29	16	2	913
CR2-CR4	L	10	21	1	1,29	16	3	2143
CR2-CR4	H	10	21	1	1,29	16	1	2805
CR2-CR4	H	10	21	1	1,29	16	2	1887
CR2-CR4	H	10	21	1	1,29	16	3	1747
CR2	C	10	21	1	1,29	17	1	890
CR2	C	10	21	1	1,29	17	2	1104
CR2	C	10	21	1	1,29	17	3	946
CR2	L	10	21	1	1,29	17	1	642
CR2	L	10	21	1	1,29	17	2	871
CR2	L	10	21	1	1,29	17	3	830
CR2	H	10	21	1	1,29	17	1	1885
CR2	H	10	21	1	1,29	17	2	2129
CR2	H	10	21	1	1,29	17	3	2804
CR4	C	10	21	1	1,29	17	1	2044
CR4	C	10	21	1	1,29	17	2	2667
CR4	C	10	21	1	1,29	17	3	2079
CR4	L	10	21	1	1,29	17	1	1103
CR4	L	10	21	1	1,29	17	2	1701
CR4	L	10	21	1	1,29	17	3	2265
CR4	H	10	21	1	1,29	17	1	4077
CR4	H	10	21	1	1,29	17	2	2336
CR4	H	10	21	1	1,29	17	3	3068
CR2-CR4	C	10	21	1	1,29	17	1	466
CR2-CR4	C	10	21	1	1,29	17	2	746
CR2-CR4	C	10	21	1	1,29	17	3	819
CR2-CR4	L	10	21	1	1,29	17	1	959
CR2-CR4	L	10	21	1	1,29	17	2	882
CR2-CR4	L	10	21	1	1,29	17	3	2013
CR2-CR4	H	10	21	1	1,29	17	1	2230
CR2-CR4	H	10	21	1	1,29	17	2	2999
CR2-CR4	H	10	21	1	1,29	17	3	2434
CR2	C	10	21	1	1,29	18	1	691
CR2	C	10	21	1	1,29	18	2	1879
CR2	C	10	21	1	1,29	18	3	777
CR2	L	10	21	1	1,29	18	1	606
CR2	L	10	21	1	1,29	18	2	1438
CR2	L	10	21	1	1,29	18	3	1136
CR2	H	10	21	1	1,29	18	1	1322
CR2	H	10	21	1	1,29	18	2	1338
CR2	H	10	21	1	1,29	18	3	2274
CR4	C	10	21	1	1,29	18	1	2376
CR4	C	10	21	1	1,29	18	2	2357
CR4	C	10	21	1	1,29	18	3	1855
CR4	L	10	21	1	1,29	18	1	1046
CR4	L	10	21	1	1,29	18	2	1867
CR4	L	10	21	1	1,29	18	3	2030
CR4	H	10	21	1	1,29	18	1	3021
CR4	H	10	21	1	1,29	18	2	1874
CR4	H	10	21	1	1,29	18	3	2179
CR2-CR4	C	10	21	1	1,29	18	1	568
CR2-CR4	C	10	21	1	1,29	18	2	885
CR2-CR4	C	10	21	1	1,29	18	3	840
CR2-CR4	L	10	21	1	1,29	18	1	1091
CR2-CR4	L	10	21	1	1,29	18	2	817
CR2-CR4	L	10	21	1	1,29	18	3	2088
CR2-CR4	H	10	21	1	1,29	18	1	1836
CR2-CR4	H	10	21	1	1,29	18	2	2573
CR2-CR4	H	10	21	1	1,29	18	3	2174
CR2	C	10	21	1	1,29	19	1	427
CR2	C	10	21	1	1,29	19	2	1000
CR2	C	10	21	1	1,29	19	3	416
CR2	L	10	21	1	1,29	19	1	531
CR2	L	10	21	1	1,29	19	2	1109
CR2	L	10	21	1	1,29	19	3	1248
CR2	H	10	21	1	1,29	19	1	1588
CR2	H	10	21	1	1,29	19	2	1376
CR2	H	10	21	1	1,29	19	3	2477
CR4	C	10	21	1	1,29	19	1	1660
CR4	C	10	21	1	1,29	19	2	1860
CR4	C	10	21	1	1,29	19	3	1664
CR4	L	10	21	1	1,29	19	1	1102
CR4	L	10	21	1	1,29	19	2	1752
CR4	L	10	21	1	1,29	19	3	1787
CR4	H	10	21	1	1,29	19	1	3007
CR4	H	10	21	1	1,29	19	2	1460
CR4	H	10	21	1	1,29	19	3	2466
CR2-CR4	C	10	21	1	1,29	19	1	430
CR2-CR4	C	10	21	1	1,29	19	2	593
CR2-CR4	C	10	21	1	1,29	19	3	480
CR2-CR4	L	10	21	1	1,29	19	1	910
CR2-CR4	L	10	21	1	1,29	19	2	740
CR2-CR4	L	10	21	1	1,29	19	3	2437
CR2-CR4	H	10	21	1	1,29	19	1	2799
CR2-CR4	H	10	21	1	1,29	19	2	2342
CR2-CR4	H	10	21	1	1,29	19	3	2028
CR2	C	10	21	1	1,29	20	1	460
CR2	C	10	21	1	1,29	20	2	383
CR2	C	10	21	1	1,29	20	3	742
CR2	L	10	21	1	1,29	20	1	752
CR2	L	10	21	1	1,29	20	2	743
CR2	L	10	21	1	1,29	20	3	1312
CR2	H	10	21	1	1,29	20	1	1576
CR2	H	10	21	1	1,29	20	2	1189
CR2	H	10	21	1	1,29	20	3	2225
CR4	C	10	21	1	1,29	20	1	1994
CR4	C	10	21	1	1,29	20	2	2498
CR4	C	10	21	1	1,29	20	3	2087
CR4	L	10	21	1	1,29	20	1	560
CR4	L	10	21	1	1,29	20	2	1156
CR4	L	10	21	1	1,29	20	3	1881
CR4	H	10	21	1	1,29	20	1	2637
CR4	H	10	21	1	1,29	20	2	1712
CR4	H	10	21	1	1,29	20	3	1950
CR2-CR4	C	10	21	1	1,29	20	1	453
CR2-CR4	C	10	21	1	1,29	20	2	997
CR2-CR4	C	10	21	1	1,29	20	3	428
CR2-CR4	L	10	21	1	1,29	20	1	1016
CR2-CR4	L	10	21	1	1,29	20	2	733
CR2-CR4	L	10	21	1	1,29	20	3	1842
CR2-CR4	H	10	21	1	1,29	20	1	1448
CR2-CR4	H	10	21	1	1,29	20	2	2059
CR2-CR4	H	10	21	1	1,29	20	3	2118
CR2	C	10	21	1	1,29	21	1	379
CR2	C	10	21	1	1,29	21	2	821
CR2	C	10	21	1	1,29	21	3	519
CR2	L	10	21	1	1,29	21	1	549
CR2	L	10	21	1	1,29	21	2	836
CR2	L	10	21	1	1,29	21	3	962
CR2	H	10	21	1	1,29	21	1	1535
CR2	H	10	21	1	1,29	21	2	480
CR2	H	10	21	1	1,29	21	3	2504
CR4	C	10	21	1	1,29	21	1	1759
CR4	C	10	21	1	1,29	21	2	1716
CR4	C	10	21	1	1,29	21	3	3418
CR4	L	10	21	1	1,29	21	1	712
CR4	L	10	21	1	1,29	21	2	1463
CR4	L	10	21	1	1,29	21	3	1671
CR4	H	10	21	1	1,29	21	1	2563
CR4	H	10	21	1	1,29	21	2	2034
CR4	H	10	21	1	1,29	21	3	2021
CR2-CR4	C	10	21	1	1,29	21	1	300
CR2-CR4	C	10	21	1	1,29	21	2	571
CR2-CR4	C	10	21	1	1,29	21	3	402
CR2-CR4	L	10	21	1	1,29	21	1	749
CR2-CR4	L	10	21	1	1,29	21	2	572
CR2-CR4	L	10	21	1	1,29	21	3	2655
CR2-CR4	H	10	21	1	1,29	21	1	996
CR2-CR4	H	10	21	1	1,29	21	2	1666
CR2-CR4	H	10	21	1	1,29	21	3	1255
CR2	C	10	21	1	1,29	22	1	1381
CR2	C	10	21	1	1,29	22	2	948
CR2	C	10	21	1	1,29	22	3	865
CR2	L	10	21	1	1,29	22	1	479
CR2	L	10	21	1	1,29	22	2	976
CR2	L	10	21	1	1,29	22	3	693
CR2	H	10	21	1	1,29	22	1	1382
CR2	H	10	21	1	1,29	22	2	1081
CR2	H	10	21	1	1,29	22	3	2073
CR4	C	10	21	1	1,29	22	1	1985
CR4	C	10	21	1	1,29	22	2	2077
CR4	C	10	21	1	1,29	22	3	2991
CR4	L	10	21	1	1,29	22	1	487
CR4	L	10	21	1	1,29	22	2	1303
CR4	L	10	21	1	1,29	22	3	1303
CR4	H	10	21	1	1,29	22	1	3125
CR4	H	10	21	1	1,29	22	2	2311
CR4	H	10	21	1	1,29	22	3	2189
CR2-CR4	C	10	21	1	1,29	22	1	244
CR2-CR4	C	10	21	1	1,29	22	2	215
CR2-CR4	C	10	21	1	1,29	22	3	403
CR2-CR4	L	10	21	1	1,29	22	1	693
CR2-CR4	L	10	21	1	1,29	22	2	597
CR2-CR4	L	10	21	1	1,29	22	3	2773
CR2-CR4	H	10	21	1	1,29	22	1	1855
CR2-CR4	H	10	21	1	1,29	22	2	2063
CR2-CR4	H	10	21	1	1,29	22	3	1752
CR2	C	10	21	1	1,29	23	1	527
CR2	C	10	21	1	1,29	23	2	1278
CR2	C	10	21	1	1,29	23	3	350
CR2	L	10	21	1	1,29	23	1	441
CR2	L	10	21	1	1,29	23	2	646
CR2	L	10	21	1	1,29	23	3	529
CR2	H	10	21	1	1,29	23	1	1079
CR2	H	10	21	1	1,29	23	2	1099
CR2	H	10	21	1	1,29	23	3	1387
CR4	C	10	21	1	1,29	23	1	2067
CR4	C	10	21	1	1,29	23	2	2345
CR4	C	10	21	1	1,29	23	3	3654
CR4	L	10	21	1	1,29	23	1	299
CR4	L	10	21	1	1,29	23	2	1074
CR4	L	10	21	1	1,29	23	3	1644
CR4	H	10	21	1	1,29	23	1	3502
CR4	H	10	21	1	1,29	23	2	2088
CR4	H	10	21	1	1,29	23	3	1964
CR2-CR4	C	10	21	1	1,29	23	1	290
CR2-CR4	C	10	21	1	1,29	23	2	236
CR2-CR4	C	10	21	1	1,29	23	3	541
CR2-CR4	L	10	21	1	1,29	23	1	640
CR2-CR4	L	10	21	1	1,29	23	2	578
CR2-CR4	L	10	21	1	1,29	23	3	2072
CR2-CR4	H	10	21	1	1,29	23	1	1726
CR2-CR4	H	10	21	1	1,29	23	2	1921
CR2-CR4	H	10	21	1	1,29	23	3	1151
CR2	C	10	21	1	1,29	24	1	472
CR2	C	10	21	1	1,29	24	2	1123
CR2	C	10	21	1	1,29	24	3	421
CR2	L	10	21	1	1,29	24	1	567
CR2	L	10	21	1	1,29	24	2	528
CR2	L	10	21	1	1,29	24	3	547
CR2	H	10	21	1	1,29	24	1	815
CR2	H	10	21	1	1,29	24	2	868
CR2	H	10	21	1	1,29	24	3	1294
CR4	C	10	21	1	1,29	24	1	1790
CR4	C	10	21	1	1,29	24	2	2326
CR4	C	10	21	1	1,29	24	3	3404
CR4	L	10	21	1	1,29	24	1	1007
CR4	L	10	21	1	1,29	24	2	1952
CR4	L	10	21	1	1,29	24	3	730
CR4	H	10	21	1	1,29	24	1	2462
CR4	H	10	21	1	1,29	24	2	1664
CR4	H	10	21	1	1,29	24	3	1847
CR2-CR4	C	10	21	1	1,29	24	1	376
CR2-CR4	C	10	21	1	1,29	24	2	395
CR2-CR4	C	10	21	1	1,29	24	3	307
CR2-CR4	L	10	21	1	1,29	24	1	605
CR2-CR4	L	10	21	1	1,29	24	2	1929
CR2-CR4	L	10	21	1	1,29	24	3	349
CR2-CR4	H	10	21	1	1,29	24	1	1954
CR2-CR4	H	10	21	1	1,29	24	2	1614
CR2-CR4	H	10	21	1	1,29	24	3	1082
CR2	C	10	21	1	1,29	25	1	1206
CR2	C	10	21	1	1,29	25	2	992
CR2	C	10	21	1	1,29	25	3	463
CR2	L	10	21	1	1,29	25	1	365
CR2	L	10	21	1	1,29	25	2	660
CR2	L	10	21	1	1,29	25	3	585
CR2	H	10	21	1	1,29	25	1	718
CR2	H	10	21	1	1,29	25	2	749
CR2	H	10	21	1	1,29	25	3	1100
CR4	C	10	21	1	1,29	25	1	1678
CR4	C	10	21	1	1,29	25	2	3095
CR4	C	10	21	1	1,29	25	3	3517
CR4	L	10	21	1	1,29	25	1	476
CR4	L	10	21	1	1,29	25	2	1036
CR4	L	10	21	1	1,29	25	3	1401
CR4	H	10	21	1	1,29	25	1	3492
CR4	H	10	21	1	1,29	25	2	1999
CR4	H	10	21	1	1,29	25	3	2298
CR2-CR4	C	10	21	1	1,29	25	1	448
CR2-CR4	C	10	21	1	1,29	25	2	188
CR2-CR4	C	10	21	1	1,29	25	3	449
CR2-CR4	L	10	21	1	1,29	25	1	384
CR2-CR4	L	10	21	1	1,29	25	2	748
CR2-CR4	L	10	21	1	1,29	25	3	1965
CR2-CR4	H	10	21	1	1,29	25	1	2854
CR2-CR4	H	10	21	1	1,29	25	2	2630
CR2-CR4	H	10	21	1	1,29	25	3	814
CR2	C	10	21	1	1,29	26	1	885
CR2	C	10	21	1	1,29	26	2	831
CR2	C	10	21	1	1,29	26	3	373
CR2	L	10	21	1	1,29	26	1	338
CR2	L	10	21	1	1,29	26	2	549
CR2	L	10	21	1	1,29	26	3	337
CR2	H	10	21	1	1,29	26	1	387
CR2	H	10	21	1	1,29	26	2	310
CR2	H	10	21	1	1,29	26	3	841
CR4	C	10	21	1	1,29	26	1	2001
CR4	C	10	21	1	1,29	26	2	3085
CR4	C	10	21	1	1,29	26	3	3084
CR4	L	10	21	1	1,29	26	1	274
CR4	L	10	21	1	1,29	26	2	686
CR4	L	10	21	1	1,29	26	3	1768
CR4	H	10	21	1	1,29	26	1	4702
CR4	H	10	21	1	1,29	26	2	2137
CR4	H	10	21	1	1,29	26	3	1930
CR2-CR4	C	10	21	1	1,29	26	1	708
CR2-CR4	C	10	21	1	1,29	26	2	362
CR2-CR4	C	10	21	1	1,29	26	3	455
CR2-CR4	L	10	21	1	1,29	26	1	840
CR2-CR4	L	10	21	1	1,29	26	2	718
CR2-CR4	L	10	21	1	1,29	26	3	2034
CR2-CR4	H	10	21	1	1,29	26	1	2198
CR2-CR4	H	10	21	1	1,29	26	2	1966
CR2-CR4	H	10	21	1	1,29	26	3	1293
CR2	C	10	21	1	1,29	27	1	899
CR2	C	10	21	1	1,29	27	2	1548
CR2	C	10	21	1	1,29	27	3	559
CR2	L	10	21	1	1,29	27	1	289
CR2	L	10	21	1	1,29	27	2	389
CR2	L	10	21	1	1,29	27	3	618
CR2	H	10	21	1	1,29	27	1	832
CR2	H	10	21	1	1,29	27	2	352
CR2	H	10	21	1	1,29	27	3	1474
CR4	C	10	21	1	1,29	27	1	1501
CR4	C	10	21	1	1,29	27	2	3240
CR4	C	10	21	1	1,29	27	3	4231
CR4	L	10	21	1	1,29	27	1	487
CR4	L	10	21	1	1,29	27	2	1270
CR4	L	10	21	1	1,29	27	3	1921
CR4	H	10	21	1	1,29	27	1	3325
CR4	H	10	21	1	1,29	27	2	2688
CR4	H	10	21	1	1,29	27	3	1936
CR2-CR4	C	10	21	1	1,29	27	1	288
CR2-CR4	C	10	21	1	1,29	27	2	431
CR2-CR4	C	10	21	1	1,29	27	3	214
CR2-CR4	L	10	21	1	1,29	27	1	927
CR2-CR4	L	10	21	1	1,29	27	2	551
CR2-CR4	L	10	21	1	1,29	27	3	1349
CR2-CR4	H	10	21	1	1,29	27	1	1888
CR2-CR4	H	10	21	1	1,29	27	2	1800
CR2-CR4	H	10	21	1	1,29	27	3	914
CR2	C	10	21	1	1,29	28	1	912
CR2	C	10	21	1	1,29	28	2	648
CR2	C	10	21	1	1,29	28	3	514
CR2	L	10	21	1	1,29	28	1	349
CR2	L	10	21	1	1,29	28	2	446
CR2	L	10	21	1	1,29	28	3	416
CR2	H	10	21	1	1,29	28	1	404
CR2	H	10	21	1	1,29	28	2	664
CR2	H	10	21	1	1,29	28	3	660
CR4	C	10	21	1	1,29	28	1	1487
CR4	C	10	21	1	1,29	28	2	2817
CR4	C	10	21	1	1,29	28	3	3865
CR4	L	10	21	1	1,29	28	1	354
CR4	L	10	21	1	1,29	28	2	830
CR4	L	10	21	1	1,29	28	3	1729
CR4	H	10	21	1	1,29	28	1	3416
CR4	H	10	21	1	1,29	28	2	3232
CR4	H	10	21	1	1,29	28	3	2001
CR2-CR4	C	10	21	1	1,29	28	1	514
CR2-CR4	C	10	21	1	1,29	28	2	182
CR2-CR4	C	10	21	1	1,29	28	3	296
CR2-CR4	L	10	21	1	1,29	28	1	888
CR2-CR4	L	10	21	1	1,29	28	2	718
CR2-CR4	L	10	21	1	1,29	28	3	967
CR2-CR4	H	10	21	1	1,29	28	1	4053
CR2-CR4	H	10	21	1	1,29	28	2	1943
CR2-CR4	H	10	21	1	1,29	28	3	1039
CR2	C	10	21	1	1,29	29	1	723
CR2	C	10	21	1	1,29	29	2	772
CR2	C	10	21	1	1,29	29	3	540
CR2	L	10	21	1	1,29	29	1	469
CR2	L	10	21	1	1,29	29	2	723
CR2	L	10	21	1	1,29	29	3	636
CR2	H	10	21	1	1,29	29	1	318
CR2	H	10	21	1	1,29	29	2	1199
CR2	H	10	21	1	1,29	29	3	835
CR4	C	10	21	1	1,29	29	1	1691
CR4	C	10	21	1	1,29	29	2	3133
CR4	C	10	21	1	1,29	29	3	3713
CR4	L	10	21	1	1,29	29	1	387
CR4	L	10	21	1	1,29	29	2	710
CR4	L	10	21	1	1,29	29	3	1213
CR4	H	10	21	1	1,29	29	1	3054
CR4	H	10	21	1	1,29	29	2	3572
CR4	H	10	21	1	1,29	29	3	1476
CR2-CR4	C	10	21	1	1,29	29	1	545
CR2-CR4	C	10	21	1	1,29	29	2	291
CR2-CR4	C	10	21	1	1,29	29	3	306
CR2-CR4	L	10	21	1	1,29	29	1	902
CR2-CR4	L	10	21	1	1,29	29	2	606
CR2-CR4	L	10	21	1	1,29	29	3	910
CR2-CR4	H	10	21	1	1,29	29	1	2750
CR2-CR4	H	10	21	1	1,29	29	2	3298
CR2-CR4	H	10	21	1	1,29	29	3	1606
CR2	C	10	21	1	1,29	30	1	931
CR2	C	10	21	1	1,29	30	2	753
CR2	C	10	21	1	1,29	30	3	549
CR2	L	10	21	1	1,29	30	1	404
CR2	L	10	21	1	1,29	30	2	560
CR2	L	10	21	1	1,29	30	3	623
CR2	H	10	21	1	1,29	30	1	425
CR2	H	10	21	1	1,29	30	2	1093
CR2	H	10	21	1	1,29	30	3	767
CR4	C	10	21	1	1,29	30	1	1393
CR4	C	10	21	1	1,29	30	2	3503
CR4	C	10	21	1	1,29	30	3	3915
CR4	L	10	21	1	1,29	30	1	378
CR4	L	10	21	1	1,29	30	2	851
CR4	L	10	21	1	1,29	30	3	1458
CR4	H	10	21	1	1,29	30	1	2674
CR4	H	10	21	1	1,29	30	2	3741
CR4	H	10	21	1	1,29	30	3	1608
CR2-CR4	C	10	21	1	1,29	30	1	397
CR2-CR4	C	10	21	1	1,29	30	2	247
CR2-CR4	C	10	21	1	1,29	30	3	337
CR2-CR4	L	10	21	1	1,29	30	1	809
CR2-CR4	L	10	21	1	1,29	30	2	571
CR2-CR4	L	10	21	1	1,29	30	3	650
CR2-CR4	H	10	21	1	1,29	30	1	2442
CR2-CR4	H	10	21	1	1,29	30	2	1886
CR2-CR4	H	10	21	1	1,29	30	3	893
CR2	C	10	21	1	1,29	31	1	1410
CR2	C	10	21	1	1,29	31	2	804
CR2	C	10	21	1	1,29	31	3	636
CR2	L	10	21	1	1,29	31	1	284
CR2	L	10	21	1	1,29	31	2	307
CR2	L	10	21	1	1,29	31	3	574
CR2	H	10	21	1	1,29	31	1	488
CR2	H	10	21	1	1,29	31	2	1275
CR2	H	10	21	1	1,29	31	3	991
CR4	C	10	21	1	1,29	31	1	1719
CR4	C	10	21	1	1,29	31	2	3747
CR4	C	10	21	1	1,29	31	3	3976
CR4	L	10	21	1	1,29	31	1	303
CR4	L	10	21	1	1,29	31	2	747
CR4	L	10	21	1	1,29	31	3	1150
CR4	H	10	21	1	1,29	31	1	3039
CR4	H	10	21	1	1,29	31	2	3102
CR4	H	10	21	1	1,29	31	3	2344
CR2-CR4	C	10	21	1	1,29	31	1	450
CR2-CR4	C	10	21	1	1,29	31	2	250
CR2-CR4	C	10	21	1	1,29	31	3	442
CR2-CR4	L	10	21	1	1,29	31	1	923
CR2-CR4	L	10	21	1	1,29	31	2	832
CR2-CR4	L	10	21	1	1,29	31	3	1227
CR2-CR4	H	10	21	1	1,29	31	1	3999
CR2-CR4	H	10	21	1	1,29	31	2	1896
CR2-CR4	H	10	21	1	1,29	31	3	1535
CR2	C	10	21	1	1,29	32	1	1055
CR2	C	10	21	1	1,29	32	2	613
CR2	C	10	21	1	1,29	32	3	815
CR2	L	10	21	1	1,29	32	1	406
CR2	L	10	21	1	1,29	32	2	402
CR2	L	10	21	1	1,29	32	3	542
CR2	H	10	21	1	1,29	32	1	475
CR2	H	10	21	1	1,29	32	2	389
CR2	H	10	21	1	1,29	32	3	823
CR4	C	10	21	1	1,29	32	1	1121
CR4	C	10	21	1	1,29	32	2	3666
CR4	C	10	21	1	1,29	32	3	3842
CR4	L	10	21	1	1,29	32	1	388
CR4	L	10	21	1	1,29	32	2	633
CR4	L	10	21	1	1,29	32	3	1018
CR4	H	10	21	1	1,29	32	1	4490
CR4	H	10	21	1	1,29	32	2	3255
CR4	H	10	21	1	1,29	32	3	1700
CR2-CR4	C	10	21	1	1,29	32	1	355
CR2-CR4	C	10	21	1	1,29	32	2	328
CR2-CR4	C	10	21	1	1,29	32	3	324
CR2-CR4	L	10	21	1	1,29	32	1	597
CR2-CR4	L	10	21	1	1,29	32	2	691
CR2-CR4	L	10	21	1	1,29	32	3	735
CR2-CR4	H	10	21	1	1,29	32	1	2274
CR2-CR4	H	10	21	1	1,29	32	2	1909
CR2-CR4	H	10	21	1	1,29	32	3	1937
CR2	C	10	21	1	1,29	33	1	1416
CR2	C	10	21	1	1,29	33	2	589
CR2	C	10	21	1	1,29	33	3	677
CR2	L	10	21	1	1,29	33	1	299
CR2	L	10	21	1	1,29	33	2	353
CR2	L	10	21	1	1,29	33	3	595
CR2	H	10	21	1	1,29	33	1	654
CR2	H	10	21	1	1,29	33	2	695
CR2	H	10	21	1	1,29	33	3	1053
CR4	C	10	21	1	1,29	33	1	1322
CR4	C	10	21	1	1,29	33	2	2504
CR4	C	10	21	1	1,29	33	3	3419
CR4	L	10	21	1	1,29	33	1	346
CR4	L	10	21	1	1,29	33	2	658
CR4	L	10	21	1	1,29	33	3	909
CR4	H	10	21	1	1,29	33	1	2883
CR4	H	10	21	1	1,29	33	2	3083
CR4	H	10	21	1	1,29	33	3	2349
CR2-CR4	C	10	21	1	1,29	33	1	500
CR2-CR4	C	10	21	1	1,29	33	2	445
CR2-CR4	C	10	21	1	1,29	33	3	262
CR2-CR4	L	10	21	1	1,29	33	1	623
CR2-CR4	L	10	21	1	1,29	33	2	565
CR2-CR4	L	10	21	1	1,29	33	3	639
CR2-CR4	H	10	21	1	1,29	33	1	1716
CR2-CR4	H	10	21	1	1,29	33	2	1373
CR2-CR4	H	10	21	1	1,29	33	3	1209
CR2	C	10	21	1	1,29	34	1	1131
CR2	C	10	21	1	1,29	34	2	590
CR2	C	10	21	1	1,29	34	3	708
CR2	L	10	21	1	1,29	34	1	215
CR2	L	10	21	1	1,29	34	2	267
CR2	L	10	21	1	1,29	34	3	609
CR2	H	10	21	1	1,29	34	1	529
CR2	H	10	21	1	1,29	34	2	854
CR2	H	10	21	1	1,29	34	3	802
CR4	C	10	21	1	1,29	34	1	1186
CR4	C	10	21	1	1,29	34	2	3210
CR4	C	10	21	1	1,29	34	3	3491
CR4	L	10	21	1	1,29	34	1	155
CR4	L	10	21	1	1,29	34	2	592
CR4	L	10	21	1	1,29	34	3	701
CR4	H	10	21	1	1,29	34	1	2737
CR4	H	10	21	1	1,29	34	2	3091
CR4	H	10	21	1	1,29	34	3	2238
CR2-CR4	C	10	21	1	1,29	34	1	388
CR2-CR4	C	10	21	1	1,29	34	2	394
CR2-CR4	C	10	21	1	1,29	34	3	310
CR2-CR4	L	10	21	1	1,29	34	1	563
CR2-CR4	L	10	21	1	1,29	34	2	473
CR2-CR4	L	10	21	1	1,29	34	3	593
CR2-CR4	H	10	21	1	1,29	34	1	2077
CR2-CR4	H	10	21	1	1,29	34	2	979
CR2-CR4	H	10	21	1	1,29	34	3	500
CR2	C	10	21	1	1,29	35	1	999
CR2	C	10	21	1	1,29	35	2	722
CR2	C	10	21	1	1,29	35	3	957
CR2	L	10	21	1	1,29	35	1	237
CR2	L	10	21	1	1,29	35	2	389
CR2	L	10	21	1	1,29	35	3	584
CR2	H	10	21	1	1,29	35	1	533
CR2	H	10	21	1	1,29	35	2	778
CR2	H	10	21	1	1,29	35	3	773
CR4	C	10	21	1	1,29	35	1	1141
CR4	C	10	21	1	1,29	35	2	3875
CR4	C	10	21	1	1,29	35	3	2820
CR4	L	10	21	1	1,29	35	1	226
CR4	L	10	21	1	1,29	35	2	291
CR4	L	10	21	1	1,29	35	3	711
CR4	H	10	21	1	1,29	35	1	4092
CR4	H	10	21	1	1,29	35	2	4844
CR4	H	10	21	1	1,29	35	3	2151
CR2-CR4	C	10	21	1	1,29	35	1	198
CR2-CR4	C	10	21	1	1,29	35	2	384
CR2-CR4	C	10	21	1	1,29	35	3	325
CR2-CR4	L	10	21	1	1,29	35	1	786
CR2-CR4	L	10	21	1	1,29	35	2	585
CR2-CR4	L	10	21	1	1,29	35	3	490
CR2-CR4	H	10	21	1	1,29	35	1	2418
CR2-CR4	H	10	21	1	1,29	35	2	2240
CR2-CR4	H	10	21	1	1,29	35	3	1130
CR2	C	10	21	1	1,29	36	1	1017
CR2	C	10	21	1	1,29	36	2	607
CR2	C	10	21	1	1,29	36	3	365
CR2	L	10	21	1	1,29	36	1	226
CR2	L	10	21	1	1,29	36	2	208
CR2	L	10	21	1	1,29	36	3	474
CR2	H	10	21	1	1,29	36	1	862
CR2	H	10	21	1	1,29	36	2	1052
CR2	H	10	21	1	1,29	36	3	1100
CR4	C	10	21	1	1,29	36	1	884
CR4	C	10	21	1	1,29	36	2	2192
CR4	C	10	21	1	1,29	36	3	2246
CR4	L	10	21	1	1,29	36	1	193
CR4	L	10	21	1	1,29	36	2	536
CR4	L	10	21	1	1,29	36	3	605
CR4	H	10	21	1	1,29	36	1	2560
CR4	H	10	21	1	1,29	36	2	3016
CR4	H	10	21	1	1,29	36	3	2233
CR2-CR4	C	10	21	1	1,29	36	1	319
CR2-CR4	C	10	21	1	1,29	36	2	326
CR2-CR4	C	10	21	1	1,29	36	3	256
CR2-CR4	L	10	21	1	1,29	36	1	890
CR2-CR4	L	10	21	1	1,29	36	2	704
CR2-CR4	L	10	21	1	1,29	36	3	478
CR2-CR4	H	10	21	1	1,29	36	1	2955
CR2-CR4	H	10	21	1	1,29	36	2	1715
CR2-CR4	H	10	21	1	1,29	36	3	1659
CR2	C	10	21	1	1,29	37	1	1540
CR2	C	10	21	1	1,29	37	2	863
CR2	C	10	21	1	1,29	37	3	729
CR2	L	10	21	1	1,29	37	1	339
CR2	L	10	21	1	1,29	37	2	497
CR2	L	10	21	1	1,29	37	3	734
CR2	H	10	21	1	1,29	37	1	806
CR2	H	10	21	1	1,29	37	2	1146
CR2	H	10	21	1	1,29	37	3	1444
CR4	C	10	21	1	1,29	37	1	745
CR4	C	10	21	1	1,29	37	2	2026
CR4	C	10	21	1	1,29	37	3	2888
CR4	L	10	21	1	1,29	37	1	656
CR4	L	10	21	1	1,29	37	2	666
CR4	L	10	21	1	1,29	37	3	839
CR4	H	10	21	1	1,29	37	1	2729
CR4	H	10	21	1	1,29	37	2	2794
CR4	H	10	21	1	1,29	37	3	2439
CR2-CR4	C	10	21	1	1,29	37	1	314
CR2-CR4	C	10	21	1	1,29	37	2	580
CR2-CR4	C	10	21	1	1,29	37	3	362
CR2-CR4	L	10	21	1	1,29	37	1	867
CR2-CR4	L	10	21	1	1,29	37	2	763
CR2-CR4	L	10	21	1	1,29	37	3	472
CR2-CR4	H	10	21	1	1,29	37	1	4280
CR2-CR4	H	10	21	1	1,29	37	2	1621
CR2-CR4	H	10	21	1	1,29	37	3	1427
CR2	C	10	21	1	1,29	38	1	803
CR2	C	10	21	1	1,29	38	2	624
CR2	C	10	21	1	1,29	38	3	722
CR2	L	10	21	1	1,29	38	1	361
CR2	L	10	21	1	1,29	38	2	681
CR2	L	10	21	1	1,29	38	3	234
CR2	H	10	21	1	1,29	38	1	743
CR2	H	10	21	1	1,29	38	2	858
CR2	H	10	21	1	1,29	38	3	1185
CR4	C	10	21	1	1,29	38	1	486
CR4	C	10	21	1	1,29	38	2	1946
CR4	C	10	21	1	1,29	38	3	2394
CR4	L	10	21	1	1,29	38	1	233
CR4	L	10	21	1	1,29	38	2	701
CR4	L	10	21	1	1,29	38	3	636
CR4	H	10	21	1	1,29	38	1	2566
CR4	H	10	21	1	1,29	38	2	2499
CR4	H	10	21	1	1,29	38	3	1781
CR2-CR4	C	10	21	1	1,29	38	1	442
CR2-CR4	C	10	21	1	1,29	38	2	638
CR2-CR4	C	10	21	1	1,29	38	3	426
CR2-CR4	L	10	21	1	1,29	38	1	859
CR2-CR4	L	10	21	1	1,29	38	2	797
CR2-CR4	L	10	21	1	1,29	38	3	639
CR2-CR4	H	10	21	1	1,29	38	1	2656
CR2-CR4	H	10	21	1	1,29	38	2	2690
CR2-CR4	H	10	21	1	1,29	38	3	1108
CR2	C	10	21	1	1,29	39	1	1094
CR2	C	10	21	1	1,29	39	2	1099
CR2	C	10	21	1	1,29	39	3	792
CR2	L	10	21	1	1,29	39	1	392
CR2	L	10	21	1	1,29	39	2	643
CR2	L	10	21	1	1,29	39	3	673
CR2	H	10	21	1	1,29	39	1	1305
CR2	H	10	21	1	1,29	39	2	1389
CR2	H	10	21	1	1,29	39	3	1057
CR4	C	10	21	1	1,29	39	1	442
CR4	C	10	21	1	1,29	39	2	2533
CR4	C	10	21	1	1,29	39	3	2539
CR4	L	10	21	1	1,29	39	1	278
CR4	L	10	21	1	1,29	39	2	573
CR4	L	10	21	1	1,29	39	3	571
CR4	H	10	21	1	1,29	39	1	2312
CR4	H	10	21	1	1,29	39	2	2193
CR4	H	10	21	1	1,29	39	3	1816
CR2-CR4	C	10	21	1	1,29	39	1	1107
CR2-CR4	C	10	21	1	1,29	39	2	797
CR2-CR4	C	10	21	1	1,29	39	3	439
CR2-CR4	L	10	21	1	1,29	39	1	787
CR2-CR4	L	10	21	1	1,29	39	2	816
CR2-CR4	L	10	21	1	1,29	39	3	589
CR2-CR4	H	10	21	1	1,29	39	1	2490
CR2-CR4	H	10	21	1	1,29	39	2	1467
CR2-CR4	H	10	21	1	1,29	39	3	1885
CR2	C	10	21	1	1,29	40	1	1214
CR2	C	10	21	1	1,29	40	2	756
CR2	C	10	21	1	1,29	40	3	476
CR2	L	10	21	1	1,29	40	1	251
CR2	L	10	21	1	1,29	40	2	311
CR2	L	10	21	1	1,29	40	3	551
CR2	H	10	21	1	1,29	40	1	648
CR2	H	10	21	1	1,29	40	2	1378
CR2	H	10	21	1	1,29	40	3	1001
CR4	C	10	21	1	1,29	40	1	393
CR4	C	10	21	1	1,29	40	2	2195
CR4	C	10	21	1	1,29	40	3	2270
CR4	L	10	21	1	1,29	40	1	419
CR4	L	10	21	1	1,29	40	2	689
CR4	L	10	21	1	1,29	40	3	399
CR4	H	10	21	1	1,29	40	1	2170
CR4	H	10	21	1	1,29	40	2	2226
CR4	H	10	21	1	1,29	40	3	1522
CR2-CR4	C	10	21	1	1,29	40	1	553
CR2-CR4	C	10	21	1	1,29	40	2	692
CR2-CR4	C	10	21	1	1,29	40	3	261
CR2-CR4	L	10	21	1	1,29	40	1	603
CR2-CR4	L	10	21	1	1,29	40	2	552
CR2-CR4	L	10	21	1	1,29	40	3	414
CR2-CR4	H	10	21	1	1,29	40	1	2589
CR2-CR4	H	10	21	1	1,29	40	2	1179
CR2-CR4	H	10	21	1	1,29	40	3	1421
CR2	C	10	21	1	1,29	41	1	610
CR2	C	10	21	1	1,29	41	2	1005
CR2	C	10	21	1	1,29	41	3	481
CR2	L	10	21	1	1,29	41	1	342
CR2	L	10	21	1	1,29	41	2	394
CR2	L	10	21	1	1,29	41	3	529
CR2	H	10	21	1	1,29	41	1	487
CR2	H	10	21	1	1,29	41	2	1284
CR2	H	10	21	1	1,29	41	3	1360
CR4	C	10	21	1	1,29	41	1	782
CR4	C	10	21	1	1,29	41	2	4183
CR4	C	10	21	1	1,29	41	3	1970
CR4	L	10	21	1	1,29	41	1	186
CR4	L	10	21	1	1,29	41	2	689
CR4	L	10	21	1	1,29	41	3	362
CR4	H	10	21	1	1,29	41	1	3663
CR4	H	10	21	1	1,29	41	2	1856
CR4	H	10	21	1	1,29	41	3	2435
CR2-CR4	C	10	21	1	1,29	41	1	352
CR2-CR4	C	10	21	1	1,29	41	2	430
CR2-CR4	C	10	21	1	1,29	41	3	328
CR2-CR4	L	10	21	1	1,29	41	1	532
CR2-CR4	L	10	21	1	1,29	41	2	555
CR2-CR4	L	10	21	1	1,29	41	3	570
CR2-CR4	H	10	21	1	1,29	41	1	3062
CR2-CR4	H	10	21	1	1,29	41	2	2290
CR2-CR4	H	10	21	1	1,29	41	3	1339
CR2	C	10	21	1	1,29	42	1	620
CR2	C	10	21	1	1,29	42	2	1302
CR2	C	10	21	1	1,29	42	3	672
CR2	L	10	21	1	1,29	42	1	197
CR2	L	10	21	1	1,29	42	2	396
CR2	L	10	21	1	1,29	42	3	500
CR2	H	10	21	1	1,29	42	1	633
CR2	H	10	21	1	1,29	42	2	649
CR2	H	10	21	1	1,29	42	3	807
CR4	C	10	21	1	1,29	42	1	1002
CR4	C	10	21	1	1,29	42	2	1885
CR4	C	10	21	1	1,29	42	3	2659
CR4	L	10	21	1	1,29	42	1	179
CR4	L	10	21	1	1,29	42	2	535
CR4	L	10	21	1	1,29	42	3	572
CR4	H	10	21	1	1,29	42	1	2268
CR4	H	10	21	1	1,29	42	2	2005
CR4	H	10	21	1	1,29	42	3	1322
CR2-CR4	C	10	21	1	1,29	42	1	381
CR2-CR4	C	10	21	1	1,29	42	2	512
CR2-CR4	C	10	21	1	1,29	42	3	403
CR2-CR4	L	10	21	1	1,29	42	1	484
CR2-CR4	L	10	21	1	1,29	42	2	609
CR2-CR4	L	10	21	1	1,29	42	3	262
CR2-CR4	H	10	21	1	1,29	42	1	1119
CR2-CR4	H	10	21	1	1,29	42	2	1244
CR2-CR4	H	10	21	1	1,29	42	3	2170
CR2	C	10	21	1	1,29	43	1	1250
CR2	C	10	21	1	1,29	43	2	1248
CR2	C	10	21	1	1,29	43	3	734
CR2	L	10	21	1	1,29	43	1	180
CR2	L	10	21	1	1,29	43	2	640
CR2	L	10	21	1	1,29	43	3	555
CR2	H	10	21	1	1,29	43	1	463
CR2	H	10	21	1	1,29	43	2	595
CR2	H	10	21	1	1,29	43	3	356
CR4	C	10	21	1	1,29	43	1	1077
CR4	C	10	21	1	1,29	43	2	2590
CR4	C	10	21	1	1,29	43	3	3841
CR4	L	10	21	1	1,29	43	1	293
CR4	L	10	21	1	1,29	43	2	597
CR4	L	10	21	1	1,29	43	3	500
CR4	H	10	21	1	1,29	43	1	2421
CR4	H	10	21	1	1,29	43	2	1676
CR4	H	10	21	1	1,29	43	3	1766
CR2-CR4	C	10	21	1	1,29	43	1	403
CR2-CR4	C	10	21	1	1,29	43	2	481
CR2-CR4	C	10	21	1	1,29	43	3	554
CR2-CR4	L	10	21	1	1,29	43	1	513
CR2-CR4	L	10	21	1	1,29	43	2	643
CR2-CR4	L	10	21	1	1,29	43	3	331
CR2-CR4	H	10	21	1	1,29	43	1	3883
CR2-CR4	H	10	21	1	1,29	43	2	1028
CR2-CR4	H	10	21	1	1,29	43	3	3074
CR2	C	10	21	1	1,29	44	1	2021
CR2	C	10	21	1	1,29	44	2	1060
CR2	C	10	21	1	1,29	44	3	733
CR2	L	10	21	1	1,29	44	1	246
CR2	L	10	21	1	1,29	44	2	669
CR2	L	10	21	1	1,29	44	3	481
CR2	H	10	21	1	1,29	44	1	533
CR2	H	10	21	1	1,29	44	2	550
CR2	H	10	21	1	1,29	44	3	523
CR4	C	10	21	1	1,29	44	1	1474
CR4	C	10	21	1	1,29	44	2	2242
CR4	C	10	21	1	1,29	44	3	2645
CR4	L	10	21	1	1,29	44	1	223
CR4	L	10	21	1	1,29	44	2	601
CR4	L	10	21	1	1,29	44	3	435
CR4	H	10	21	1	1,29	44	1	2760
CR4	H	10	21	1	1,29	44	2	1110
CR4	H	10	21	1	1,29	44	3	1201
CR2-CR4	C	10	21	1	1,29	44	1	385
CR2-CR4	C	10	21	1	1,29	44	2	556
CR2-CR4	C	10	21	1	1,29	44	3	631
CR2-CR4	L	10	21	1	1,29	44	1	428
CR2-CR4	L	10	21	1	1,29	44	2	384
CR2-CR4	L	10	21	1	1,29	44	3	281
CR2-CR4	H	10	21	1	1,29	44	1	1883
CR2-CR4	H	10	21	1	1,29	44	2	977
CR2-CR4	H	10	21	1	1,29	44	3	1337
CR2	C	10	21	1	1,29	45	1	963
CR2	C	10	21	1	1,29	45	2	1804
CR2	C	10	21	1	1,29	45	3	654
CR2	L	10	21	1	1,29	45	1	189
CR2	L	10	21	1	1,29	45	2	366
CR2	L	10	21	1	1,29	45	3	663
CR2	H	10	21	1	1,29	45	1	533
CR2	H	10	21	1	1,29	45	2	690
CR2	H	10	21	1	1,29	45	3	863
CR4	C	10	21	1	1,29	45	1	1127
CR4	C	10	21	1	1,29	45	2	2026
CR4	C	10	21	1	1,29	45	3	2610
CR4	L	10	21	1	1,29	45	1	216
CR4	L	10	21	1	1,29	45	2	797
CR4	L	10	21	1	1,29	45	3	413
CR4	H	10	21	1	1,29	45	1	2582
CR4	H	10	21	1	1,29	45	2	1932
CR4	H	10	21	1	1,29	45	3	891
CR2-CR4	C	10	21	1	1,29	45	1	439
CR2-CR4	C	10	21	1	1,29	45	2	554
CR2-CR4	C	10	21	1	1,29	45	3	308
CR2-CR4	L	10	21	1	1,29	45	1	540
CR2-CR4	L	10	21	1	1,29	45	2	676
CR2-CR4	L	10	21	1	1,29	45	3	366
CR2-CR4	H	10	21	1	1,29	45	1	2425
CR2-CR4	H	10	21	1	1,29	45	2	1471
CR2-CR4	H	10	21	1	1,29	45	3	1384
CR2	C	10	21	1	1,29	46	1	1494
CR2	C	10	21	1	1,29	46	2	1695
CR2	C	10	21	1	1,29	46	3	779
CR2	L	10	21	1	1,29	46	1	162
CR2	L	10	21	1	1,29	46	2	533
CR2	L	10	21	1	1,29	46	3	283
CR2	H	10	21	1	1,29	46	1	480
CR2	H	10	21	1	1,29	46	2	599
CR2	H	10	21	1	1,29	46	3	638
CR4	C	10	21	1	1,29	46	1	720
CR4	C	10	21	1	1,29	46	2	1965
CR4	C	10	21	1	1,29	46	3	2003
CR4	L	10	21	1	1,29	46	1	123
CR4	L	10	21	1	1,29	46	2	751
CR4	L	10	21	1	1,29	46	3	349
CR4	H	10	21	1	1,29	46	1	3147
CR4	H	10	21	1	1,29	46	2	1933
CR4	H	10	21	1	1,29	46	3	1019
CR2-CR4	C	10	21	1	1,29	46	1	447
CR2-CR4	C	10	21	1	1,29	46	2	592
CR2-CR4	C	10	21	1	1,29	46	3	491
CR2-CR4	L	10	21	1	1,29	46	1	556
CR2-CR4	L	10	21	1	1,29	46	2	509
CR2-CR4	L	10	21	1	1,29	46	3	423
CR2-CR4	H	10	21	1	1,29	46	1	2814
CR2-CR4	H	10	21	1	1,29	46	2	1147
CR2-CR4	H	10	21	1	1,29	46	3	2056
CR2	C	10	21	1	1,29	47	1	1790
CR2	C	10	21	1	1,29	47	2	1944
CR2	C	10	21	1	1,29	47	3	975
CR2	L	10	21	1	1,29	47	1	212
CR2	L	10	21	1	1,29	47	2	359
CR2	L	10	21	1	1,29	47	3	739
CR2	H	10	21	1	1,29	47	1	1045
CR2	H	10	21	1	1,29	47	2	634
CR2	H	10	21	1	1,29	47	3	1063
CR4	C	10	21	1	1,29	47	1	603
CR4	C	10	21	1	1,29	47	2	1301
CR4	C	10	21	1	1,29	47	3	2835
CR4	L	10	21	1	1,29	47	1	190
CR4	L	10	21	1	1,29	47	2	631
CR4	L	10	21	1	1,29	47	3	390
CR4	H	10	21	1	1,29	47	1	4689
CR4	H	10	21	1	1,29	47	2	1094
CR4	H	10	21	1	1,29	47	3	982
CR2-CR4	C	10	21	1	1,29	47	1	523
CR2-CR4	C	10	21	1	1,29	47	2	833
CR2-CR4	C	10	21	1	1,29	47	3	442
CR2-CR4	L	10	21	1	1,29	47	1	545
CR2-CR4	L	10	21	1	1,29	47	2	668
CR2-CR4	L	10	21	1	1,29	47	3	535
CR2-CR4	H	10	21	1	1,29	47	1	2817
CR2-CR4	H	10	21	1	1,29	47	2	2532
CR2-CR4	H	10	21	1	1,29	47	3	1520
CR2	C	10	21	1	1,29	48	1	1084
CR2	C	10	21	1	1,29	48	2	2647
CR2	C	10	21	1	1,29	48	3	1216
CR2	L	10	21	1	1,29	48	1	357
CR2	L	10	21	1	1,29	48	2	442
CR2	L	10	21	1	1,29	48	3	621
CR2	H	10	21	1	1,29	48	1	686
CR2	H	10	21	1	1,29	48	2	718
CR2	H	10	21	1	1,29	48	3	877
CR4	C	10	21	1	1,29	48	1	816
CR4	C	10	21	1	1,29	48	2	1060
CR4	C	10	21	1	1,29	48	3	1059
CR4	L	10	21	1	1,29	48	1	288
CR4	L	10	21	1	1,29	48	2	579
CR4	L	10	21	1	1,29	48	3	410
CR4	H	10	21	1	1,29	48	1	2374
CR4	H	10	21	1	1,29	48	2	1075
CR4	H	10	21	1	1,29	48	3	1216
CR2-CR4	C	10	21	1	1,29	48	1	563
CR2-CR4	C	10	21	1	1,29	48	2	813
CR2-CR4	C	10	21	1	1,29	48	3	466
CR2-CR4	L	10	21	1	1,29	48	1	458
CR2-CR4	L	10	21	1	1,29	48	2	673
CR2-CR4	L	10	21	1	1,29	48	3	504
CR2-CR4	H	10	21	1	1,29	48	1	2462
CR2-CR4	H	10	21	1	1,29	48	2	2130
CR2-CR4	H	10	21	1	1,29	48	3	1814
CR2	C	10	21	1	1,29	49	1	1150
CR2	C	10	21	1	1,29	49	2	3001
CR2	C	10	21	1	1,29	49	3	1015
CR2	L	10	21	1	1,29	49	1	428
CR2	L	10	21	1	1,29	49	2	723
CR2	L	10	21	1	1,29	49	3	815
CR2	H	10	21	1	1,29	49	1	891
CR2	H	10	21	1	1,29	49	2	942
CR2	H	10	21	1	1,29	49	3	872
CR4	C	10	21	1	1,29	49	1	752
CR4	C	10	21	1	1,29	49	2	655
CR4	C	10	21	1	1,29	49	3	982
CR4	L	10	21	1	1,29	49	1	321
CR4	L	10	21	1	1,29	49	2	1060
CR4	L	10	21	1	1,29	49	3	535
CR4	H	10	21	1	1,29	49	1	2399
CR4	H	10	21	1	1,29	49	2	1964
CR4	H	10	21	1	1,29	49	3	2517
CR2-CR4	C	10	21	1	1,29	49	1	680
CR2-CR4	C	10	21	1	1,29	49	2	896
CR2-CR4	C	10	21	1	1,29	49	3	578
CR2-CR4	L	10	21	1	1,29	49	1	632
CR2-CR4	L	10	21	1	1,29	49	2	716
CR2-CR4	L	10	21	1	1,29	49	3	551
CR2-CR4	H	10	21	1	1,29	49	1	2306
CR2-CR4	H	10	21	1	1,29	49	2	1873
CR2-CR4	H	10	21	1	1,29	49	3	2283
CR2	C	10	21	1	1,29	50	1	1179
CR2	C	10	21	1	1,29	50	2	3044
CR2	C	10	21	1	1,29	50	3	1059
CR2	L	10	21	1	1,29	50	1	316
CR2	L	10	21	1	1,29	50	2	766
CR2	L	10	21	1	1,29	50	3	795
CR2	H	10	21	1	1,29	50	1	1079
CR2	H	10	21	1	1,29	50	2	575
CR2	H	10	21	1	1,29	50	3	595
CR4	C	10	21	1	1,29	50	1	856
CR4	C	10	21	1	1,29	50	2	685
CR4	C	10	21	1	1,29	50	3	679
CR4	L	10	21	1	1,29	50	1	253
CR4	L	10	21	1	1,29	50	2	1016
CR4	L	10	21	1	1,29	50	3	402
CR4	H	10	21	1	1,29	50	1	3705
CR4	H	10	21	1	1,29	50	2	1795
CR4	H	10	21	1	1,29	50	3	2277
CR2-CR4	C	10	21	1	1,29	50	1	835
CR2-CR4	C	10	21	1	1,29	50	2	1070
CR2-CR4	C	10	21	1	1,29	50	3	576
CR2-CR4	L	10	21	1	1,29	50	1	576
CR2-CR4	L	10	21	1	1,29	50	2	657
CR2-CR4	L	10	21	1	1,29	50	3	574
CR2-CR4	H	10	21	1	1,29	50	1	1945
CR2-CR4	H	10	21	1	1,29	50	2	797
CR2-CR4	H	10	21	1	1,29	50	3	1330
