Strain	Bead	Conc	Volu	Site	Dilu	Cove	Trial	Cells
CR1	C	7,5	5	21	1	1,29	1	4422
CR1	C	7,5	5	21	1	1,29	2	4404
CR1	C	7,5	5	21	1	1,29	3	4340
CR1	C	5	5	21	1	1,29	1	2597
CR1	C	5	5	21	1	1,29	2	2467
CR1	C	5	5	21	1	1,29	3	2695
CR1	C	3	5	21	1	1,29	1	1863
CR1	C	3	5	21	1	1,29	2	1898
CR1	C	3	5	21	1	1,29	3	1831
CR1	C	1	5	21	1	1,29	1	573
CR1	C	1	5	21	1	1,29	2	630
CR1	C	1	5	21	1	1,29	3	633
CR1	C	0,5	5	21	1	1,29	1	279
CR1	C	0,5	5	21	1	1,29	2	297
CR1	C	0,5	5	21	1	1,29	3	288
CR1	C	0,2	5	21	1	1,29	1	109
CR1	C	0,2	5	21	1	1,29	2	99
CR1	C	0,2	5	21	1	1,29	3	100
CR2	C	7,5	5	21	1	1,29	1	2966
CR2	C	7,5	5	21	1	1,29	2	3083
CR2	C	7,5	5	21	1	1,29	3	3245
CR2	C	5	5	21	1	1,29	1	1697
CR2	C	5	5	21	1	1,29	2	1717
CR2	C	5	5	21	1	1,29	3	1619
CR2	C	3	5	21	1	1,29	1	1065
CR2	C	3	5	21	1	1,29	2	907
CR2	C	3	5	21	1	1,29	3	942
CR2	C	1	5	21	1	1,29	1	350
CR2	C	1	5	21	1	1,29	2	403
CR2	C	1	5	21	1	1,29	3	397
CR2	C	0,5	5	21	1	1,29	1	212
CR2	C	0,5	5	21	1	1,29	2	186
CR2	C	0,5	5	21	1	1,29	3	193
CR2	C	0,2	5	21	1	1,29	1	71
CR2	C	0,2	5	21	1	1,29	2	56
CR2	C	0,2	5	21	1	1,29	3	60
CR3	C	7,5	5	21	1	1,29	1	3350
CR3	C	7,5	5	21	1	1,29	2	3264
CR3	C	7,5	5	21	1	1,29	3	3300
CR3	C	5	5	21	1	1,29	1	2242
CR3	C	5	5	21	1	1,29	2	2382
CR3	C	5	5	21	1	1,29	3	2282
CR3	C	3	5	21	1	1,29	1	1524
CR3	C	3	5	21	1	1,29	2	1549
CR3	C	3	5	21	1	1,29	3	1485
CR3	C	1	5	21	1	1,29	1	446
CR3	C	1	5	21	1	1,29	2	498
CR3	C	1	5	21	1	1,29	3	443
CR3	C	0,5	5	21	1	1,29	1	287
CR3	C	0,5	5	21	1	1,29	2	278
CR3	C	0,5	5	21	1	1,29	3	246
CR3	C	0,2	5	21	1	1,29	1	104
CR3	C	0,2	5	21	1	1,29	2	82
CR3	C	0,2	5	21	1	1,29	3	95
CR4	C	7,5	5	21	1	1,29	1	6307
CR4	C	7,5	5	21	1	1,29	2	6516
CR4	C	7,5	5	21	1	1,29	3	6184
CR4	C	5	5	21	1	1,29	1	4358
CR4	C	5	5	21	1	1,29	2	4588
CR4	C	5	5	21	1	1,29	3	4440
CR4	C	3	5	21	1	1,29	1	1924
CR4	C	3	5	21	1	1,29	2	1793
CR4	C	3	5	21	1	1,29	3	1833
CR4	C	1	5	21	1	1,29	1	646
CR4	C	1	5	21	1	1,29	2	729
CR4	C	1	5	21	1	1,29	3	747
CR4	C	0,5	5	21	1	1,29	1	314
CR4	C	0,5	5	21	1	1,29	2	336
CR4	C	0,5	5	21	1	1,29	3	333
CR4	C	0,2	5	21	1	1,29	1	150
CR4	C	0,2	5	21	1	1,29	2	172
CR4	C	0,2	5	21	1	1,29	3	123
CR5	C	7,5	5	21	1	1,29	1	6872
CR5	C	7,5	5	21	1	1,29	2	6855
CR5	C	7,5	5	21	1	1,29	3	6884
CR5	C	5	5	21	1	1,29	1	4491
CR5	C	5	5	21	1	1,29	2	4230
CR5	C	5	5	21	1	1,29	3	4480
CR5	C	3	5	21	1	1,29	1	2383
CR5	C	3	5	21	1	1,29	2	2224
CR5	C	3	5	21	1	1,29	3	2401
CR5	C	1	5	21	1	1,29	1	664
CR5	C	1	5	21	1	1,29	2	570
CR5	C	1	5	21	1	1,29	3	582
CR5	C	0,5	5	21	1	1,29	1	290
CR5	C	0,5	5	21	1	1,29	2	227
CR5	C	0,5	5	21	1	1,29	3	187
CR5	C	0,2	5	21	1	1,29	1	116
CR5	C	0,2	5	21	1	1,29	2	45
CR5	C	0,2	5	21	1	1,29	3	58
CR6	C	7,5	5	21	1	1,29	1	7637
CR6	C	7,5	5	21	1	1,29	2	7880
CR6	C	7,5	5	21	1	1,29	3	6905
CR6	C	5	5	21	1	1,29	1	5112
CR6	C	5	5	21	1	1,29	2	5400
CR6	C	5	5	21	1	1,29	3	5199
CR6	C	3	5	21	1	1,29	1	3085
CR6	C	3	5	21	1	1,29	2	2928
CR6	C	3	5	21	1	1,29	3	3086
CR6	C	1	5	21	1	1,29	1	1052
CR6	C	1	5	21	1	1,29	2	925
CR6	C	1	5	21	1	1,29	3	1078
CR6	C	0,5	5	21	1	1,29	1	407
CR6	C	0,5	5	21	1	1,29	2	419
CR6	C	0,5	5	21	1	1,29	3	362
CR6	C	0,2	5	21	1	1,29	1	153
CR6	C	0,2	5	21	1	1,29	2	80
CR6	C	0,2	5	21	1	1,29	3	73
CR1	L	7,5	5	21	1	1,29	1	3985
CR1	L	7,5	5	21	1	1,29	2	3949
CR1	L	7,5	5	21	1	1,29	3	3976
CR1	L	5	5	21	1	1,29	1	2327
CR1	L	5	5	21	1	1,29	2	2301
CR1	L	5	5	21	1	1,29	3	2366
CR1	L	3	5	21	1	1,29	1	1257
CR1	L	3	5	21	1	1,29	2	1233
CR1	L	3	5	21	1	1,29	3	1284
CR1	L	1	5	21	1	1,29	1	487
CR1	L	1	5	21	1	1,29	2	497
CR1	L	1	5	21	1	1,29	3	439
CR1	L	0,5	5	21	1	1,29	1	243
CR1	L	0,5	5	21	1	1,29	2	264
CR1	L	0,5	5	21	1	1,29	3	249
CR1	L	0,2	5	21	1	1,29	1	132
CR1	L	0,2	5	21	1	1,29	2	82
CR1	L	0,2	5	21	1	1,29	3	74
CR2	L	7,5	5	21	1	1,29	1	4939
CR2	L	7,5	5	21	1	1,29	2	4938
CR2	L	7,5	5	21	1	1,29	3	4726
CR2	L	5	5	21	1	1,29	1	2909
CR2	L	5	5	21	1	1,29	2	2982
CR2	L	5	5	21	1	1,29	3	2966
CR2	L	3	5	21	1	1,29	1	2005
CR2	L	3	5	21	1	1,29	2	1780
CR2	L	3	5	21	1	1,29	3	1968
CR2	L	1	5	21	1	1,29	1	508
CR2	L	1	5	21	1	1,29	2	550
CR2	L	1	5	21	1	1,29	3	664
CR2	L	0,5	5	21	1	1,29	1	282
CR2	L	0,5	5	21	1	1,29	2	282
CR2	L	0,5	5	21	1	1,29	3	293
CR2	L	0,2	5	21	1	1,29	1	143
CR2	L	0,2	5	21	1	1,29	2	111
CR2	L	0,2	5	21	1	1,29	3	106
CR3	L	7,5	5	21	1	1,29	1	5127
CR3	L	7,5	5	21	1	1,29	2	5084
CR3	L	7,5	5	21	1	1,29	3	5040
CR3	L	5	5	21	1	1,29	1	3383
CR3	L	5	5	21	1	1,29	2	3368
CR3	L	5	5	21	1	1,29	3	3343
CR3	L	3	5	21	1	1,29	1	2284
CR3	L	3	5	21	1	1,29	2	2185
CR3	L	3	5	21	1	1,29	3	2271
CR3	L	1	5	21	1	1,29	1	688
CR3	L	1	5	21	1	1,29	2	704
CR3	L	1	5	21	1	1,29	3	799
CR3	L	0,5	5	21	1	1,29	1	380
CR3	L	0,5	5	21	1	1,29	2	381
CR3	L	0,5	5	21	1	1,29	3	387
CR3	L	0,2	5	21	1	1,29	1	143
CR3	L	0,2	5	21	1	1,29	2	118
CR3	L	0,2	5	21	1	1,29	3	115
CR4	L	7,5	5	21	1	1,29	1	7563
CR4	L	7,5	5	21	1	1,29	2	7390
CR4	L	7,5	5	21	1	1,29	3	7701
CR4	L	5	5	21	1	1,29	1	5370
CR4	L	5	5	21	1	1,29	2	5505
CR4	L	5	5	21	1	1,29	3	5347
CR4	L	3	5	21	1	1,29	1	3189
CR4	L	3	5	21	1	1,29	2	3097
CR4	L	3	5	21	1	1,29	3	2930
CR4	L	1	5	21	1	1,29	1	904
CR4	L	1	5	21	1	1,29	2	927
CR4	L	1	5	21	1	1,29	3	964
CR4	L	0,5	5	21	1	1,29	1	435
CR4	L	0,5	5	21	1	1,29	2	462
CR4	L	0,5	5	21	1	1,29	3	404
CR4	L	0,2	5	21	1	1,29	1	187
CR4	L	0,2	5	21	1	1,29	2	180
CR4	L	0,2	5	21	1	1,29	3	174
CR5	L	7,5	5	21	1	1,29	1	5161
CR5	L	7,5	5	21	1	1,29	2	5281
CR5	L	7,5	5	21	1	1,29	3	5150
CR5	L	5	5	21	1	1,29	1	3447
CR5	L	5	5	21	1	1,29	2	3650
CR5	L	5	5	21	1	1,29	3	3314
CR5	L	3	5	21	1	1,29	1	2353
CR5	L	3	5	21	1	1,29	2	2385
CR5	L	3	5	21	1	1,29	3	2162
CR5	L	1	5	21	1	1,29	1	736
CR5	L	1	5	21	1	1,29	2	818
CR5	L	1	5	21	1	1,29	3	740
CR5	L	0,5	5	21	1	1,29	1	347
CR5	L	0,5	5	21	1	1,29	2	380
CR5	L	0,5	5	21	1	1,29	3	277
CR5	L	0,2	5	21	1	1,29	1	124
CR5	L	0,2	5	21	1	1,29	2	143
CR5	L	0,2	5	21	1	1,29	3	147
CR6	L	7,5	5	21	1	1,29	1	4943
CR6	L	7,5	5	21	1	1,29	2	4670
CR6	L	7,5	5	21	1	1,29	3	4601
CR6	L	5	5	21	1	1,29	1	3163
CR6	L	5	5	21	1	1,29	2	3238
CR6	L	5	5	21	1	1,29	3	3445
CR6	L	3	5	21	1	1,29	1	2274
CR6	L	3	5	21	1	1,29	2	2343
CR6	L	3	5	21	1	1,29	3	2237
CR6	L	1	5	21	1	1,29	1	632
CR6	L	1	5	21	1	1,29	2	691
CR6	L	1	5	21	1	1,29	3	672
CR6	L	0,5	5	21	1	1,29	1	347
CR6	L	0,5	5	21	1	1,29	2	346
CR6	L	0,5	5	21	1	1,29	3	313
CR6	L	0,2	5	21	1	1,29	1	116
CR6	L	0,2	5	21	1	1,29	2	139
CR6	L	0,2	5	21	1	1,29	3	138
CR1	M	7,5	5	21	1	1,29	1	6017
CR1	M	7,5	5	21	1	1,29	2	5955
CR1	M	7,5	5	21	1	1,29	3	5980
CR1	M	5	5	21	1	1,29	1	3877
CR1	M	5	5	21	1	1,29	2	3858
CR1	M	5	5	21	1	1,29	3	3822
CR1	M	3	5	21	1	1,29	1	1956
CR1	M	3	5	21	1	1,29	2	1925
CR1	M	3	5	21	1	1,29	3	1971
CR1	M	1	5	21	1	1,29	1	589
CR1	M	1	5	21	1	1,29	2	559
CR1	M	1	5	21	1	1,29	3	574
CR1	M	0,5	5	21	1	1,29	1	184
CR1	M	0,5	5	21	1	1,29	2	190
CR1	M	0,5	5	21	1	1,29	3	199
CR1	M	0,2	5	21	1	1,29	1	76
CR1	M	0,2	5	21	1	1,29	2	77
CR1	M	0,2	5	21	1	1,29	3	73
CR2	M	7,5	5	21	1	1,29	1	6009
CR2	M	7,5	5	21	1	1,29	2	6056
CR2	M	7,5	5	21	1	1,29	3	6036
CR2	M	5	5	21	1	1,29	1	4075
CR2	M	5	5	21	1	1,29	2	4044
CR2	M	5	5	21	1	1,29	3	4039
CR2	M	3	5	21	1	1,29	1	2220
CR2	M	3	5	21	1	1,29	2	2236
CR2	M	3	5	21	1	1,29	3	2302
CR2	M	1	5	21	1	1,29	1	672
CR2	M	1	5	21	1	1,29	2	654
CR2	M	1	5	21	1	1,29	3	641
CR2	M	0,5	5	21	1	1,29	1	281
CR2	M	0,5	5	21	1	1,29	2	285
CR2	M	0,5	5	21	1	1,29	3	262
CR2	M	0,2	5	21	1	1,29	1	93
CR2	M	0,2	5	21	1	1,29	2	95
CR2	M	0,2	5	21	1	1,29	3	83
CR3	M	7,5	5	21	1	1,29	1	6283
CR3	M	7,5	5	21	1	1,29	2	6316
CR3	M	7,5	5	21	1	1,29	3	6317
CR3	M	5	5	21	1	1,29	1	4276
CR3	M	5	5	21	1	1,29	2	4150
CR3	M	5	5	21	1	1,29	3	4255
CR3	M	3	5	21	1	1,29	1	2473
CR3	M	3	5	21	1	1,29	2	2407
CR3	M	3	5	21	1	1,29	3	2490
CR3	M	1	5	21	1	1,29	1	800
CR3	M	1	5	21	1	1,29	2	774
CR3	M	1	5	21	1	1,29	3	770
CR3	M	0,5	5	21	1	1,29	1	332
CR3	M	0,5	5	21	1	1,29	2	304
CR3	M	0,5	5	21	1	1,29	3	294
CR3	M	0,2	5	21	1	1,29	1	111
CR3	M	0,2	5	21	1	1,29	2	122
CR3	M	0,2	5	21	1	1,29	3	105
CR4	M	7,5	5	21	1	1,29	1	8422
CR4	M	7,5	5	21	1	1,29	2	8399
CR4	M	7,5	5	21	1	1,29	3	8489
CR4	M	5	5	21	1	1,29	1	6243
CR4	M	5	5	21	1	1,29	2	6245
CR4	M	5	5	21	1	1,29	3	6075
CR4	M	3	5	21	1	1,29	1	4101
CR4	M	3	5	21	1	1,29	2	3966
CR4	M	3	5	21	1	1,29	3	4025
CR4	M	1	5	21	1	1,29	1	1505
CR4	M	1	5	21	1	1,29	2	1441
CR4	M	1	5	21	1	1,29	3	1533
CR4	M	0,5	5	21	1	1,29	1	713
CR4	M	0,5	5	21	1	1,29	2	667
CR4	M	0,5	5	21	1	1,29	3	674
CR4	M	0,2	5	21	1	1,29	1	269
CR4	M	0,2	5	21	1	1,29	2	258
CR4	M	0,2	5	21	1	1,29	3	254
CR5	M	7,5	5	21	1	1,29	1	5928
CR5	M	7,5	5	21	1	1,29	2	5953
CR5	M	7,5	5	21	1	1,29	3	5747
CR5	M	5	5	21	1	1,29	1	4065
CR5	M	5	5	21	1	1,29	2	3732
CR5	M	5	5	21	1	1,29	3	3688
CR5	M	3	5	21	1	1,29	1	2179
CR5	M	3	5	21	1	1,29	2	2070
CR5	M	3	5	21	1	1,29	3	2348
CR5	M	1	5	21	1	1,29	1	766
CR5	M	1	5	21	1	1,29	2	792
CR5	M	1	5	21	1	1,29	3	825
CR5	M	0,5	5	21	1	1,29	1	414
CR5	M	0,5	5	21	1	1,29	2	367
CR5	M	0,5	5	21	1	1,29	3	446
CR5	M	0,2	5	21	1	1,29	1	193
CR5	M	0,2	5	21	1	1,29	2	155
CR5	M	0,2	5	21	1	1,29	3	166
CR6	M	7,5	5	21	1	1,29	1	5900
CR6	M	7,5	5	21	1	1,29	2	5834
CR6	M	7,5	5	21	1	1,29	3	5835
CR6	M	5	5	21	1	1,29	1	3682
CR6	M	5	5	21	1	1,29	2	3643
CR6	M	5	5	21	1	1,29	3	3548
CR6	M	3	5	21	1	1,29	1	2351
CR6	M	3	5	21	1	1,29	2	2126
CR6	M	3	5	21	1	1,29	3	2349
CR6	M	1	5	21	1	1,29	1	757
CR6	M	1	5	21	1	1,29	2	708
CR6	M	1	5	21	1	1,29	3	753
CR6	M	0,5	5	21	1	1,29	1	449
CR6	M	0,5	5	21	1	1,29	2	460
CR6	M	0,5	5	21	1	1,29	3	380
CR6	M	0,2	5	21	1	1,29	1	200
CR6	M	0,2	5	21	1	1,29	2	176
CR6	M	0,2	5	21	1	1,29	3	153
CR1	H	7,5	5	21	1	1,29	1	5588
CR1	H	7,5	5	21	1	1,29	2	5566
CR1	H	7,5	5	21	1	1,29	3	5718
CR1	H	5	5	21	1	1,29	1	3466
CR1	H	5	5	21	1	1,29	2	3492
CR1	H	5	5	21	1	1,29	3	3521
CR1	H	3	5	21	1	1,29	1	1933
CR1	H	3	5	21	1	1,29	2	1994
CR1	H	3	5	21	1	1,29	3	2131
CR1	H	1	5	21	1	1,29	1	680
CR1	H	1	5	21	1	1,29	2	639
CR1	H	1	5	21	1	1,29	3	681
CR1	H	0,5	5	21	1	1,29	1	243
CR1	H	0,5	5	21	1	1,29	2	276
CR1	H	0,5	5	21	1	1,29	3	307
CR1	H	0,2	5	21	1	1,29	1	91
CR1	H	0,2	5	21	1	1,29	2	90
CR1	H	0,2	5	21	1	1,29	3	86
CR2	H	7,5	5	21	1	1,29	1	5026
CR2	H	7,5	5	21	1	1,29	2	4898
CR2	H	7,5	5	21	1	1,29	3	4854
CR2	H	5	5	21	1	1,29	1	3284
CR2	H	5	5	21	1	1,29	2	3234
CR2	H	5	5	21	1	1,29	3	3216
CR2	H	3	5	21	1	1,29	1	1570
CR2	H	3	5	21	1	1,29	2	1654
CR2	H	3	5	21	1	1,29	3	1745
CR2	H	1	5	21	1	1,29	1	574
CR2	H	1	5	21	1	1,29	2	592
CR2	H	1	5	21	1	1,29	3	576
CR2	H	0,5	5	21	1	1,29	1	245
CR2	H	0,5	5	21	1	1,29	2	242
CR2	H	0,5	5	21	1	1,29	3	217
CR2	H	0,2	5	21	1	1,29	1	101
CR2	H	0,2	5	21	1	1,29	2	90
CR2	H	0,2	5	21	1	1,29	3	90
CR3	H	7,5	5	21	1	1,29	1	5390
CR3	H	7,5	5	21	1	1,29	2	5414
CR3	H	7,5	5	21	1	1,29	3	5362
CR3	H	5	5	21	1	1,29	1	3830
CR3	H	5	5	21	1	1,29	2	3582
CR3	H	5	5	21	1	1,29	3	3599
CR3	H	3	5	21	1	1,29	1	2155
CR3	H	3	5	21	1	1,29	2	2170
CR3	H	3	5	21	1	1,29	3	2241
CR3	H	1	5	21	1	1,29	1	733
CR3	H	1	5	21	1	1,29	2	608
CR3	H	1	5	21	1	1,29	3	727
CR3	H	0,5	5	21	1	1,29	1	309
CR3	H	0,5	5	21	1	1,29	2	320
CR3	H	0,5	5	21	1	1,29	3	321
CR3	H	0,2	5	21	1	1,29	1	120
CR3	H	0,2	5	21	1	1,29	2	103
CR3	H	0,2	5	21	1	1,29	3	103
CR4	H	7,5	5	21	1	1,29	1	6417
CR4	H	7,5	5	21	1	1,29	2	6478
CR4	H	7,5	5	21	1	1,29	3	6485
CR4	H	5	5	21	1	1,29	1	4867
CR4	H	5	5	21	1	1,29	2	4414
CR4	H	5	5	21	1	1,29	3	4382
CR4	H	3	5	21	1	1,29	1	2626
CR4	H	3	5	21	1	1,29	2	2685
CR4	H	3	5	21	1	1,29	3	2669
CR4	H	1	5	21	1	1,29	1	862
CR4	H	1	5	21	1	1,29	2	894
CR4	H	1	5	21	1	1,29	3	955
CR4	H	0,5	5	21	1	1,29	1	474
CR4	H	0,5	5	21	1	1,29	2	451
CR4	H	0,5	5	21	1	1,29	3	455
CR4	H	0,2	5	21	1	1,29	1	186
CR4	H	0,2	5	21	1	1,29	2	175
CR4	H	0,2	5	21	1	1,29	3	181
CR5	H	7,5	5	21	1	1,29	1	7551
CR5	H	7,5	5	21	1	1,29	2	7633
CR5	H	7,5	5	21	1	1,29	3	7502
CR5	H	5	5	21	1	1,29	1	5496
CR5	H	5	5	21	1	1,29	2	5609
CR5	H	5	5	21	1	1,29	3	5503
CR5	H	3	5	21	1	1,29	1	3655
CR5	H	3	5	21	1	1,29	2	3606
CR5	H	3	5	21	1	1,29	3	3641
CR5	H	1	5	21	1	1,29	1	1445
CR5	H	1	5	21	1	1,29	2	1448
CR5	H	1	5	21	1	1,29	3	1419
CR5	H	0,5	5	21	1	1,29	1	610
CR5	H	0,5	5	21	1	1,29	2	629
CR5	H	0,5	5	21	1	1,29	3	607
CR5	H	0,2	5	21	1	1,29	1	226
CR5	H	0,2	5	21	1	1,29	2	236
CR5	H	0,2	5	21	1	1,29	3	190
CR6	H	7,5	5	21	1	1,29	1	8281
CR6	H	7,5	5	21	1	1,29	2	8321
CR6	H	7,5	5	21	1	1,29	3	7826
CR6	H	5	5	21	1	1,29	1	6348
CR6	H	5	5	21	1	1,29	2	5853
CR6	H	5	5	21	1	1,29	3	6071
CR6	H	3	5	21	1	1,29	1	4161
CR6	H	3	5	21	1	1,29	2	4016
CR6	H	3	5	21	1	1,29	3	3809
CR6	H	1	5	21	1	1,29	1	1638
CR6	H	1	5	21	1	1,29	2	1556
CR6	H	1	5	21	1	1,29	3	1570
CR6	H	0,5	5	21	1	1,29	1	774
CR6	H	0,5	5	21	1	1,29	2	772
CR6	H	0,5	5	21	1	1,29	3	755
CR6	H	0,2	5	21	1	1,29	1	317
CR6	H	0,2	5	21	1	1,29	2	267
CR6	H	0,2	5	21	1	1,29	3	237
